37135.36881	324.9477
37135.32302	325.04010000000005
37135.36881	324.9456
37135.551960000004	324.996
37135.59775	325.11780000000005
37135.78091	325.0086
37135.918269999995	324.9624
37135.918269999995	324.9162
37135.918269999995	324.94350000000003
37135.139870000006	325.0107
37132.32447	324.9057
37124.29135	323.9124
35532.85691	301.4802
33662.48279	289.6614
31981.84654	282.80280000000005
30459.340829999997	277.84260000000006
29075.92946	274.1844
27812.160389999997	271.026
26653.860529999998	268.4283
25587.985969999998	266.1729
24604.32082	263.9826
23693.82643	262.1724
22847.76617	260.4609
22060.39266	259.1274
21325.317890000002	257.8779
18279.90156	252.33390000000003
15995.53693	248.39010000000002
14218.67795	244.16490000000002
12797.174939999999	242.0754
8532.091922	235.3197
6399.309018	232.4595
4266.366384	229.5048
3199.832108	228.0537
2559.89306	227.16330000000002
1279.973904	226.19729999999998
639.993796	225.624
319.998609	225.6303
