26758.8658	1285.0047000000002
26758.8658	1285.0047000000002
26758.8658	1285.0047000000002
26758.8658	1285.0047000000002
26758.8658	1285.0047000000002
26758.8658	1285.0047000000002
26758.8658	1285.0047000000002
26758.8658	1285.0047000000002
26758.8658	1284.9669000000001
26758.8658	1284.8997
26758.8658	1284.864
26758.8658	1284.8136000000002
26758.8658	1284.7485
26758.8658	1284.6561
26758.8658	1284.5175
26758.8658	1284.2844
26758.84202	1283.8182
26758.7707	1282.3587000000002
26654.091699999997	285.46560000000005
25588.02614	259.1358
24604.50655	250.6728
23693.98525	245.7252
22848.06222	242.44920000000002
22060.55295	240.2589
21325.307259999998	238.8288
18279.95695	235.41420000000002
15995.59028	234.10590000000002
14218.73004	231.8169
12797.18317	230.6745
8532.084207	228.6543
6399.298967	227.7996
4266.356429	226.9764
3199.825676	226.5165
2559.8893519999997	226.275
1279.9729790000001	225.79620000000003
639.993248	225.6072
319.998551	225.58410000000003
