24084.440749999998	
24084.440749999998	
24084.440749999998	
24084.440749999998	
24084.440749999998	
24084.440749999998	
24084.440749999998	
24084.440749999998	
24084.440749999998	
24084.440749999998	
24084.440749999998	
24084.440749999998	
24084.440749999998	
24084.440749999998	
24084.440749999998	
24084.440749999998	
24084.440749999998	
24084.440749999998	
24084.440749999998	
24084.440749999998	
24084.440749999998	
23694.34219	
22848.4349	
22060.844800000003	
21325.74222	
18280.13816	
15995.73161	
14218.857469999999	
12797.27576	
8532.125320000001	
6399.322068	
4266.3667749999995	
3199.832108	
2559.89306	
1279.973904	
639.993796	
319.998609	
