99081.89848088335 263.5794056158176
99362.61334628107 261.93318259947284
99691.86694631942 257.3228306218412
100046.9105284612 250.42007800129693
100404.99534016922 241.8966530562143
100743.3726289065 232.42428410496757
101026.9653041079 222.81265468795306
101233.08882935293 214.52445214949336
101410.13567920002 206.93991158947748
101475.09277432098 200.61409695630874
101472.81690208713 193.2481621456398
101250.91190154063 187.08341253313566
100982.50565766168 180.59647377716018
100554.18640170638 175.54492152467012
100038.50829874084 169.24176638887258
99746.86686359857 165.44560996672615
99302.95262228024 161.73767881725894
99100.06561700207 160.3070193234435
98516.91677078282 156.72026431773253
97716.37577458874 152.16933971742725
96682.92132755436 146.20493838727774
94958.7517047261 138.28718947279035
92955.1804960821 129.92232944272592
90928.56350203742 121.71686967046301
90393.9200367197 115.39559652307699
88440.63435719298 110.189471974052
85109.88214476257 104.40688141435982
79192.05343950499 99.03888137256094
76096.5291282305 95.0388462386208
72706.03248490187 91.99695609472029
69372.56316768753 89.45844700028138
65792.59613240282 86.66052513665242
62717.07132333964 84.89584737713417
60462.8066556576 84.27820821524423
59274.20039007001 84.73416711351636
55929.19232204881 83.45220824945451
51766.40140629237 81.78502818161493
46751.22124807339 79.67474134152907
45516.49738480327 79.74018297038172
43022.54151972952 79.05944243132448
40965.158448633825 78.57509446264501
39073.14722544866 78.13690798011274
37456.450802337065 77.79205660538376
35934.33555676728 77.46735097719345
34442.605454464065 77.1530645297964
32952.79619948879 76.77391300176885
31392.392043163767 76.37956361287256
29744.625648603454 75.93772236847992
28059.546680412874 75.54076753355929
26416.580185579453 75.11119611703508
24882.418869632864 74.74037270015566
23463.075521748768 74.43948747533973
22252.8436805397 74.19768773149099
21039.143944064643 73.93069570635313
19753.066483661947 73.63191287465524
18439.945515676704 73.30495218407543
17179.731071350398 72.97403192074248
15963.526372159335 72.6104969401379
14836.717165640432 72.23916164013418
13829.586543015663 71.92342929978194
12971.526022617194 71.6128488468423
12200.147905823262 71.32712667958361
11546.360685245254 71.02013903411058
10888.181208720722 70.70701112767627
10303.100322842623 70.47477083859128
9724.896544977957 70.26852758794566
9119.745770888112 70.03073519758784
8418.570614692666 69.7722548692347
7648.06881878852 69.49594453010347
6786.685607850551 69.2102626689979
5897.238933080677 68.79183965632909
4987.987923273031 68.40177023494306
4198.486279345358 67.99361720216103
3412.9809753220743 67.67946347951701
2745.93141683072 67.46611285963691
2065.2557731619313 67.25888744993918
1432.5281034773707 67.05777279281111
887.5087352884844 66.91228457461081
481.9210918892128 66.72322534492197
184.14756085690186 66.50507817587622
53.6936130437109 66.28119053375882
5.174054904519831 66.06327620162982
11.668581788750299 65.85950347657155
46.256889045814816 65.6780406556665
82.01867202512459 65.52705603599726
