93271.09590955047 217.5247519366689
93370.94831285898 217.64030913667438
93536.96476669543 216.67462609084987
93746.40129392475 214.74846915152438
93976.5139174119 211.98260467102713
94204.55866002203 208.49779900168764
94509.42718969096 204.42256110919308
94634.84517383165 201.05530988663966
94698.8283201099 195.90922191449144
94367.7512064178 189.56524613102485
94158.89701351411 182.93223254551222
93538.86553230697 175.93087238475994
93236.0316203848 170.01445735711158
92427.97689991578 162.7339298076555
91432.25458914046 153.42877931323144
90439.04793976808 146.25761940298605
89782.52566103854 140.97820923182024
89278.16101082788 138.73742968303577
88722.2534625859 135.13429423143177
88068.38958611737 132.3118216329932
87755.8536678754 130.2900064741261
86897.88158054514 127.43633056728478
85775.07286007 124.05446853695591
83939.73690650324 117.91911868377201
82522.70483758721 111.69757031129623
80558.15753273375 106.4821695958635
77999.25732134849 101.13473883409935
74292.11977129034 96.4040404446259
72148.49169145893 92.45802591193267
69430.61045472865 89.54243571231379
66514.62020504895 87.51252046969347
63029.69870092978 85.20746792335092
59450.825798794795 83.37689777722669
56150.513642573605 82.29345727589471
53524.61145321128 81.96353409077612
50226.96235902829 80.98952374241337
46902.02794552459 79.97678115948521
43647.91061244111 79.0143299356202
42513.87952974345 78.86759710946856
40485.89420230671 78.37090462722487
38731.52306387517 77.96049343711869
37136.42816906909 77.6435239295152
35705.59827580613 77.36078601957699
34351.72936745335 77.12669558141883
33029.088481361745 76.88060735022042
31632.846103286713 76.62197442244818
30163.82639916717 76.31003382084607
28649.261888876736 75.97687792359147
27085.0703532188 75.6046028114962
25542.128741072767 75.24866440540595
24103.674719300645 74.90549410544298
22799.421937822273 74.59622010324885
21674.705620747616 74.37358807552474
20560.9552706127 74.17225289890875
19369.99774920116 73.93964999701065
18122.20078142889 73.66283265624031
16921.497885666722 73.38654269146805
15786.6254823195 73.10627266719231
14702.748530105984 72.78651104240969
13728.505867608517 72.43599936026591
12897.475140804332 72.07372079265575
12151.627018136076 71.73583126600091
11506.277112421802 71.44593189846475
10854.950598661206 71.16713992173779
10288.099627766274 70.97131861929947
9725.361835112497 70.75911872584847
9133.663364663727 70.53001636440621
8442.284180432533 70.33959357064809
7680.565852725912 69.99139382804258
6827.615795039959 69.6040209445372
5950.102822263311 69.20834467435922
5041.9054866076685 68.75406759796523
4241.953215944361 68.38866093325586
3449.2196998052323 68.05981575240708
2778.614612225765 67.82360614338647
2092.403872201677 67.50995506045089
1453.1827233338229 67.2502021666595
900.8265573909974 67.00673119124973
490.84460202598393 66.68046814921769
188.481315475628 66.41073361706466
56.17547568521086 66.14978405997705
6.81248926920075 65.92664836295187
13.16329760647994 65.75427666181595
47.99884207591454 65.64561909239647
84.09006405637243 65.61362579052057
