91220.94969254154 201.64751797024647
91234.56090084759 200.49822199431682
91223.11703275748 199.01667519388388
91193.35754414655 197.2633680252525
91152.02189089009 195.29879094472744
91105.8495288636 193.1834344086141
91077.67101782763 190.91186813936665
91035.47182086736 189.10134879089472
90992.98694974385 186.88028493245872
90980.25946594529 184.3246634116009
90947.87939825963 181.46293670617942
90895.19832818693 178.90469238556395
90847.27741337424 176.11538888343924
90805.05849581625 173.70889471572454
90818.94859801534 171.47021605501942
90849.03552419879 168.59622680789155
90846.01462528488 166.04854491119198
90850.62656456641 164.50804559434775
90820.7200381909 162.40558998855258
90828.71886318177 160.63915432257772
90766.18948212042 157.80895118929433
90603.11172506803 154.244036521501
90157.80294371636 149.52139289993832
89650.47307177926 144.6149650723557
89641.7382668635 140.2833301011944
88948.56901213794 133.7646357072096
87695.91621388079 126.9022435174281
85159.16972691541 119.58797989560821
83994.48073505469 113.89362328099784
81736.93004624097 108.24429481788596
78628.68625506132 101.60903791781652
74884.59227600312 95.56364363489948
70646.49579505055 90.24809954308017
66537.49664891159 86.77210761149144
62875.0346746768 85.04089598244367
58776.414534627365 82.80927989299333
54833.33884851687 80.7668351673273
51122.42761186882 79.26215536791564
49542.81111403269 79.5946220260381
47109.69820160951 78.90845894556857
45015.0530665767 78.40930583913888
43079.166682597046 78.00043457970389
41369.60451167109 77.70179356303998
39770.96168861056 77.40948416982489
38136.09447913135 77.13868556644492
36480.031528691245 76.81391870483152
34748.69820794323 76.47659078727686
32939.62147793745 76.0612071381482
31097.143908725357 75.63535892262209
29305.400083638295 75.19772391478546
27627.57244745423 74.81332529650378
26101.224364439488 74.4541493886061
24792.199279040924 74.20810225931871
23491.79851289042 73.96046329439754
22076.334620870777 73.69107020652704
20637.70463810963 73.38583896767703
19256.310602956273 73.01127141372821
17927.196749034378 72.78816147355724
16682.317529879296 72.50840285880628
15569.323082607552 72.11080627356003
14624.636819559055 71.8270236127181
13780.994720901728 71.60164867386528
13049.957068813339 71.47909616236288
12331.955859151223 71.43804355067087
11704.132910861234 71.30177477661898
11074.06289007305 70.97332531291788
10404.102301984114 70.61271092326774
9616.35358780889 70.48678507016434
8750.031600548567 70.09547938789937
7786.819905198605 69.54082766778431
6782.7124869726495 68.96920211448762
5754.908636970545 68.50812558911484
4858.749511430638 68.31173278255285
3965.7316313047904 68.09696761916994
3201.981914682137 67.63157329518097
2419.5830301143133 67.22713977409465
1687.8313429419297 66.8373900985045
1052.7014455252802 66.68870068351117
573.6625707414494 66.27551332868914
220.06186412935256 65.87507945609968
60.93067432998423 65.54258905491086
-1.9138140505265966 65.31394243389019
1.316088933925652 65.22972935190735
40.40807322943518 65.33053956783216
85.14982878209088 65.65696284053445
