97997.67534802709 268.4215027862582
98308.72218837218 267.0308845960705
98646.13184905691 262.48350975042723
98999.51864492691 255.49977963847618
99358.49689082775 246.80009564936535
99712.68090160527 237.10485917224298
100089.30800481873 227.57279170561696
100370.49942432866 218.86667320575754
100647.16072933575 211.13457986901642
100872.89536057254 204.65173222514179
101007.14538242352 196.75716650539493
100909.16862760029 190.33140695360413
100827.2683728771 184.01609546855585
100472.75010955636 179.16387697239648
100186.89383206953 173.67226974561586
99784.99390082972 168.967329622772
99493.5893663908 165.95913257385058
99202.70190772807 164.17042965657708
98833.15329942563 161.56260758060125
98727.60798230518 160.41244001138523
98132.07774756681 156.2751656069896
97383.92238344664 151.82033559407657
96432.2651031956 146.81707023369063
95284.78793801912 141.13230384807068
95894.81943724793 137.50413097043156
94157.00719938496 130.7466541785475
90613.30894219287 122.79332187407971
84170.7598844713 113.23322643097097
79591.01884268066 104.83380851140723
74823.57919866478 98.48131307534145
69880.59799524174 91.35046133550905
65368.916776293685 86.28505254199885
61624.34221617808 83.0174786891739
59176.78883701677 82.34946646950105
58444.552349094134 84.06495581738287
55349.16280423798 83.04646700278636
51559.95024501992 81.72836705209629
47058.09848961739 80.13947926485021
45454.4382759606 79.7779456526254
43009.010388368246 79.13762599190464
41006.15736182038 78.62303375359481
39134.35854583319 78.20297394335319
37524.131927894174 77.8521051393646
36002.25446914994 77.54755864710133
34497.620441674946 77.20820815439771
32965.64753973453 76.8539109406374
31385.390854432346 76.45154855414981
29721.385126747522 76.04053044244299
28066.622756357534 75.58374857361183
26399.051583577482 75.17285794622072
24888.488898742118 74.77565799587475
23478.339503059287 74.45564759280374
22258.612658408634 74.20743908858573
21071.713800606965 74.00216195503042
19795.87520440655 73.722512345329
18482.24626463969 73.42766486166082
17224.37970548272 73.11986975283261
16016.14980069521 72.76788316308162
14889.20113020194 72.36788919549363
13868.063709938499 71.95493984700877
13023.71888327025 71.58995113010346
12252.336499105651 71.3452419349098
11573.582134258297 71.08179941619517
10922.24207693153 70.86074591241378
10346.384933222635 70.61640113374798
9756.988143787657 70.42826181268016
9139.53672050012 70.21044561865195
8423.275380344157 69.91258762436846
7644.68052995939 69.52406851545516
6785.681365786792 69.13809088273972
5903.370640594365 68.79299958666171
4990.96340478189 68.41799187538781
4192.101776818867 68.04348995017969
3407.185616112231 67.7617246678583
2739.643721137855 67.5037094822143
2060.8773386222374 67.29278959163084
1432.0768956902393 67.09502890122864
888.6519642995244 66.87319363818429
482.9951930307783 66.63379910865454
186.207466105963 66.437847464125
56.26480588460758 66.20919780381104
7.744018826527199 66.00047195279538
13.546218498964535 65.82535223077667
46.572518469152335 65.69752095745369
79.72403230432113 65.6306604525253
