93382.63203102567 255.76222923051392
94043.97557944179 253.64341653978522
94831.67414883258 248.24156442914767
95714.88429435124 240.32676581708296
96662.762571151 230.66911362207242
97644.46553438532 220.0387007625978
98720.32462541765 209.65057016207803
99750.64146879513 200.0923097688647
100518.35919732969 191.71987577704542
101024.91078510114 185.03269294251422
101492.83752676111 177.9254876440821
101471.65980752447 172.46130375645583
101261.4820965141 166.81078897178037
100645.16970993356 163.46293191507507
100129.18876718776 158.50029636661702
99695.38911702952 154.84328588261118
99090.74801085112 150.96659093982714
98587.84069559205 148.33829534178537
98012.2861291442 145.09348625199644
97634.8802612254 142.89583210662144
96959.86569399489 139.2923409283238
96110.08928260743 135.35242921768446
95157.77717656763 131.14313562139736
94183.53635628991 127.36976571501395
94836.39956772151 124.56392869589223
93268.71173868507 120.04887924491078
89751.27639194549 113.35286934713724
83479.86043336894 106.09282642921815
79087.46307795761 99.90443296179944
74412.59677829148 94.76362980246805
69677.28418008296 89.45427672947346
65356.32483172887 85.55230020903834
61738.7460191947 82.94555715535591
59325.17752520323 82.27636483454897
58599.31645029251 83.37159659631229
55468.76257821699 82.39072539055137
51721.57758498793 81.15277012810547
47184.25737323437 79.66129045972663
45526.64959754811 79.30231910476493
43049.23635093848 78.66118329899568
40999.20280537248 78.18178807604366
39104.94183650911 77.78985204527996
37459.25859876521 77.441864915926
35922.152641012515 77.1365562406929
34424.09699432749 76.79815319824368
32876.19592465752 76.43172442017175
31302.48641428133 76.04205472915444
29659.12349642829 75.6442501736627
28001.146174845817 75.22045106300395
26333.074841737674 74.82747999970888
24810.03838207032 74.46768467156758
23397.305005345614 74.18287487884362
22207.74292459873 73.9385382327425
21005.33682493186 73.70747578663305
19727.426456515615 73.39215823818428
18409.17887600085 73.0534324389918
17151.327380924893 72.69956542526666
15944.25281801883 72.32119381260986
14821.2643178535 71.90913166011514
13794.68503239966 71.4859253030694
12937.529697064858 71.14715061933092
12173.543050170652 70.87899489578778
11508.91867179087 70.6500583458738
10851.387960211134 70.42496821517673
10285.523625165793 70.20640863336133
9709.822815402393 69.9880083037354
9106.763075153971 69.76204827019117
8398.427550130325 69.47824855345512
7629.041783579693 69.14288681616462
6773.375017363076 68.74738275790901
5882.244810083621 68.47306814536876
4970.2512346671165 68.1612222802561
4168.277769451757 67.89648215612743
3383.481006112769 67.65251939314598
2720.5317614726837 67.47580500668522
2047.7385330500733 67.27451444149207
1421.0296723543304 67.10453817666247
882.8504793278294 66.89806537928762
482.3884302105177 66.67475162194219
187.97655592687113 66.44232974881254
59.69755653381181 66.25819756845654
11.302920235549685 66.0872961421287
15.402257264977237 65.92807850937675
44.605177854970535 65.77899770974862
71.52129223841008 65.63850678279229
