101541.45511524813 219.2361969951437
100940.15531539427 219.36433841633925
101388.06905886637 215.85963383463394
102617.28068646167 209.56293475128209
104359.8745389775 201.31509266753804
106347.93495721137 191.9569590846564
108071.1899309271 182.98316870108437
109605.83849692314 174.7542665473436
110583.03621234084 167.35995652457933
111110.87178734843 162.28645991612666
111076.04901383688 155.57846260817723
110515.58635083695 151.0291174805438
110037.56471609746 145.99988418557578
109326.99172693455 141.63654090107144
108731.58482975894 137.04228870943624
108189.51062256201 133.2969659263184
107615.35407139383 130.23995450345515
107155.06424088687 128.2372408148743
106579.13386154837 125.61615808932854
106312.3311594491 123.57221038204045
105612.33304123845 119.71518874728534
104101.2229495117 116.07977900892092
101852.84029204276 111.6680717314151
99298.19619423989 107.04264536623398
98143.72629928323 103.91501156122507
94742.16009976907 100.47041936937708
89726.49250822197 96.85354625765086
82044.28704769765 92.80530609581182
77248.1620249609 90.50103222592334
72681.36977679277 88.72301682949664
68299.22336519804 86.85502731326194
63878.562320713056 84.89391584735286
60344.89213163144 83.3981460986201
58100.35575054608 82.51020826584363
57268.13021664622 82.3967573388059
54107.350996724694 81.2355324431312
50239.21239584726 79.83540755332841
45586.68055943875 78.1851290412756
44315.679821963095 78.14541201740137
41945.05386853192 77.62382767782428
39989.35057735877 77.25695841928653
38220.820850564116 76.89021253338724
36677.647799047954 76.59594064176774
35208.7829372528 76.3127728624526
33753.48048434724 76.01037958079445
32230.397181858756 75.66582376972683
30625.96834123776 75.29724693565811
28962.920466686646 74.89656782972608
27280.089659117035 74.49258147796395
25623.063409674487 74.0641106792007
24148.721498196563 73.62137648507351
22817.456666718554 73.22631240763614
21677.122692519602 72.90147212517043
20539.414728544332 72.58185861990165
19331.023422271704 72.23654672584384
18067.737759748023 71.85965224216086
16837.332609959936 71.49321412723137
15647.699518964664 71.10188779128211
14555.322403837485 70.72841360634854
13551.01564623044 70.3775525438314
12721.486868118147 70.0942319670286
11975.144790001274 69.8549628530509
11325.530077015646 69.64422272115037
10668.921673763172 69.44016934686451
10101.879289089624 69.20822369693849
9535.733784696591 69.06222106126953
8944.00561271735 68.9110510045568
8245.778211377945 68.67555500946578
7487.073109737296 68.46768709293877
6644.2091811449745 68.1951185152896
5775.685631882162 67.97376930759819
4889.08165351331 67.72924255845383
4104.687372162936 67.46231566930501
3334.9921972414722 67.23562871522019
2683.1703709363283 67.05673412935515
2023.218044422284 66.98951045429504
1405.376548961681 66.89868685165321
874.4957187392639 66.77276981659197
477.3946533686542 66.66442535954533
186.9908480652952 66.51686227063517
59.70349661911456 66.39461270831762
11.455742237755917 66.24900848077712
15.503492340692926 66.06749246359107
45.10265434739091 65.83750753233714
73.50913567731388 65.546496562593
