98295.23091076112 247.06211610694032
98296.27221433149 246.5284600955212
98709.10928274337 241.8609871108133
99431.03212782345 234.02176787004345
100359.3307613984 223.9728730904383
101391.29519529524 212.67637348922491
102390.35604008364 201.67824272976029
103294.8583036342 191.76833951685737
103960.30394264498 183.32246612500577
104234.67215538924 175.91000243167224
104442.7748006398 169.18074513275357
104091.88553932635 164.0705340653997
103523.71373826884 157.76558202860312
102677.27222839008 153.3875765068536
101960.75462255211 147.9155478807769
101366.76733710595 143.86987147618518
100879.90360585874 140.99066705860747
100468.81626093692 139.48914232662275
100132.12735442862 137.62275049768138
99991.36100666736 136.43260721225934
99587.47080250937 134.8155771334502
98822.0089538559 131.73319313393395
97695.6319726842 127.43382503586255
96538.96473977844 123.28403619207484
97090.01459580439 119.90377900741032
95151.73908904586 115.10686238343428
91224.50761847616 109.22635610468706
84222.15085270183 102.45680758051128
79486.98252827706 97.18214525626149
74442.43974289656 92.9327821451837
69322.94950412346 88.57854517881023
64778.959450686 85.37418053969657
61097.42679212452 83.25215430902725
58828.149840470054 82.66884313227905
58288.73104398281 83.35144890059689
55171.792257628054 82.25063047736735
51358.42964422518 80.8962925236627
46733.07846860769 79.28475278687723
45283.87101294014 78.95685246671408
42811.27083063692 78.31752133632504
40737.30653304413 77.87646781173574
38857.11722950981 77.48465141382255
37221.782593347525 77.15434379967282
35689.90131255546 76.8347383513378
34173.42451559849 76.50557541162475
32636.490895768184 76.11463682078501
31037.677547485673 75.71450555601646
29407.262522518704 75.30753126699157
27753.361272944523 74.9195801018734
26098.43293972917 74.53000621028163
24589.28458920505 74.19112287010792
23222.130428345008 73.88877932624068
22060.5837410924 73.662677663792
20890.461262110246 73.40377367828862
19622.35056529319 73.089844479468
18309.68652750761 72.72331870759544
17039.63747406005 72.34862929584328
15854.360680974003 71.95598620552529
14740.012786207406 71.56755738492366
13733.662795930537 71.17180855648267
12882.618518909532 70.88801947667355
12127.413279430844 70.60862306454403
11463.509768796872 70.3583912128957
10809.667407263667 70.11607996594817
10243.549078646001 69.8746017484407
9661.027789088801 69.65401976880644
9056.074792728718 69.47250907154537
8357.50419612177 69.23430232850508
7594.269017430379 68.98544657421215
6740.886273662133 68.69478128194886
5854.216992322947 68.42594880282242
4952.293236324108 68.05654892281073
4152.32586304117 67.72564203714643
3377.437600484391 67.46927735198715
2715.6392042826114 67.24217759236342
2039.3685650472512 67.07535357584106
1417.9143104476716 66.97098036828196
881.2016448488548 66.81651573686892
478.5344801956812 66.67809176508239
184.7187361204726 66.5058187919555
57.65732699217941 66.29570871580094
10.878516420153694 66.08845033701306
17.007634119571957 65.89825020407655
48.67000980560165 65.73931486547625
78.49097319340758 65.625850869697
