90391.51674027665 203.95990458067212
90300.4727651584 204.46967900753137
90300.05427898467 204.62418202488072
90372.02016120135 204.46190341348284
90498.12929125436 204.02133295410056
90660.14054858983 203.34096042749712
90911.63499654456 202.5280659146461
90881.08467297984 201.67305761853754
91103.20568822592 200.56350866527322
91152.63509431083 198.8606562942359
91436.78648170066 197.01953050889716
91459.56970651813 195.07936356579577
91793.16999980128 192.67212896469968
91821.72915768318 189.96062387301635
92117.54887569128 187.45995934515255
92137.29094954848 185.19209588362418
92321.60150168315 183.48210664980346
92129.18236538047 182.18504223724472
92281.64765695755 180.83956794209263
92094.81715593082 179.9256027091339
92316.34183392828 178.95308501114025
92124.32344236237 177.04858486222707
92213.00477195189 173.4058655124694
91839.17161193499 169.0728429895053
92504.08671754992 167.58260749041725
91992.73950461148 161.7801773005126
90714.90768356668 152.65735146010667
87399.46452963924 138.9783189933161
85824.92130210146 129.82587255461215
83530.35277779483 120.6833263940801
81215.82240190463 111.8413776315574
78439.54616617833 103.62744992487146
75718.47851585542 97.28508226464652
72989.3794589093 93.89738280304522
70880.19146243006 94.3590734690756
67489.47079624001 91.10543508846362
63560.60163223704 87.22268097081088
59206.65087989277 82.73802447253503
57101.087940012265 83.62506112603346
54333.464802413204 82.54614098663582
51899.00378078173 81.74390860516175
49701.60140440224 81.01581433727038
47736.258895296676 80.41568763450279
45939.10473990632 79.87430627427412
44098.103175785924 79.40488315286221
42214.820893601165 78.94545849001025
40197.14381639492 78.49519820624215
38108.32124130593 78.04096669171224
35931.05315581967 77.57053010673425
33788.50658919833 77.10397709547885
31803.49883857873 76.69259159562682
30002.859006952967 76.29171753641938
28452.533797985176 75.98183844109249
26950.225111523458 75.68052123632319
25328.992449071502 75.39862482230387
23660.660871251028 75.13672949907895
22061.91155196767 74.87830991641347
20521.927006997565 74.62479495597023
19070.187733898958 74.34893399295547
17760.14196483403 74.01141213835078
16670.683380621027 73.66554488868935
15697.289963019419 73.31982792845328
14838.78675193754 73.00944959279265
13994.411506773149 72.73209612111988
13266.45191779696 72.48056879410244
12544.593830947504 72.19501372727666
11779.536265254914 71.88903462197085
10877.555745300542 71.5001727571912
9895.853698247416 71.05145891551435
8798.42846767593 70.52512584060776
7650.605400752097 69.97152774239116
6473.800171639697 69.42223943597166
5439.330168732961 68.98607724598757
4418.30352301141 68.60649878589952
3547.5953394949565 68.24494923494679
2668.7437227160544 67.85803130210553
1847.159462665969 67.4940290743296
1137.9225283272924 67.12132123981226
611.5998323145468 66.76514446094299
225.1662977616713 66.44151819826862
57.11805286605909 66.14920319127168
-4.6249606346897565 65.89650473291893
4.582935056995474 65.68964198599548
49.38741773867372 65.53483411328672
94.43416520790437 65.438300277578
