88148.2734251325 224.18077339312623
87514.97519428872 223.4411203698857
88423.21710627634 218.71605102935865
90482.99516336313 210.97964986155887
93304.30536781688 201.20600135650005
96497.14372190574 190.369190004196
99301.1183814009 180.28407120885802
101893.2680627412 171.18941676453562
103719.02737992174 163.2051264331559
104578.13676405828 157.62941242876684
104932.62278626539 152.0060432178463
104238.8960534697 148.2008098749281
103848.64299774302 143.5902549261001
103049.56176765227 140.05991444729185
102381.6437154942 135.47539273914262
101885.45380619437 132.013411127064
101661.86722024772 130.08219329064295
101702.59134631637 129.2021286938157
100165.49512600318 124.92363577324554
99146.49992320157 121.97519365473906
98100.3668523847 118.95069296877963
96949.33181750626 115.67846312069898
96035.79543545347 112.77554407723787
94389.5119849634 109.08791571516929
94683.45032666693 106.56735435319331
92881.30889501642 104.03206340980796
89538.92176027462 101.51393400828266
83416.37845950352 97.36601138144839
77492.49354239106 92.0634930910776
72356.19713132495 89.07131270236725
67379.73707496359 86.29530773458043
63074.59071304182 84.22167327997578
59814.51657913364 82.96509141458655
57263.78956544829 81.93036630301478
56802.15829732039 82.1796890603205
53921.8402128234 81.20925182973069
50493.3511749307 80.01912811290492
46410.0666368876 78.616588359611
44616.0751896675 78.22540112695755
42238.89687701544 77.6730898960542
40206.42171809161 77.25395532992681
38374.156526290884 76.89775348944508
36817.898183168596 76.63821810726797
35291.817107534014 76.36264516783335
33835.60023513188 76.0461379082448
32351.191764315146 75.71089598446855
30758.611316453396 75.32722371825146
29118.767698838747 74.93160320494808
27461.363097021047 74.5061230658224
25861.533054417265 74.0858856306446
24384.865444434065 73.65141190775083
23012.783367461885 73.28700628545646
21865.562865170472 72.99405411033158
20690.94278400864 72.67671224754436
19458.19466250063 72.32043137892317
18159.997478937195 71.95111685915498
16900.31111843795 71.55845736043796
15691.319096197458 71.19136959353263
14574.116650132717 70.81463248196829
13583.516803870161 70.47432580070695
12749.785730731237 70.17822134492104
12003.70748243471 69.93081425031939
11347.810496527558 69.71285608791973
10703.956654529027 69.48897933644528
10133.21173153011 69.28325310618574
9575.377149621912 69.05675771812842
8984.965567298794 68.83556704497842
8281.012050087087 68.63641717117075
7516.170148643978 68.44179048611134
6675.277993116731 68.16029956399643
5804.8917485832735 67.89735529631133
4913.633834742269 67.61490423963747
4129.441754618045 67.34967088816762
3353.478033437249 67.12029598173609
2698.3695127985684 66.9816736591448
2030.2767092622753 66.83416219567123
1411.7030755366218 66.78308050035916
877.9857829811773 66.7202312821995
477.9836880004677 66.66715599709204
187.6593242919769 66.50336938085641
62.245005113965135 66.3655826994126
15.993492182063473 66.20984666357067
21.44526297704008 66.03379941350869
51.140794979654736 65.83507908940504
77.62056567066634 65.61132383143803
