96155.70911600928 253.20875690119323
96750.0639913034 252.26000200032746
97229.74813890952 249.37772530896513
97598.93800118269 244.98855773989533
97861.81002047798 239.51913020590712
98022.5406391507 233.39607361979
98106.534598518 226.90072071663386
98110.9993836692 222.31100560343592
97879.67249284101 216.9441352370911
97541.7450333689 212.08706583756094
97315.15604219346 206.30238581648763
97031.70449678009 200.9019555469978
97105.24129935743 195.49987350685828
97145.98654546677 191.04705985315647
97150.29459490556 186.08411237419472
97363.63086034392 183.39564580876385
97320.54428106369 179.50031965713956
97260.00332061242 177.82894107455732
97069.97210666805 175.6303750511252
96929.2050159002 174.43176011428423
96613.4601515781 171.74640195124724
96066.88232144705 167.85595399528836
95476.40848553457 163.49338892393
94464.57828241758 157.16189757497705
94528.55054048669 151.2913636098218
92544.3669309229 142.4630325566545
88590.08225799994 129.30269959754506
81975.31321148595 115.70502558131503
77964.1184908308 105.94901991626153
73748.22859366948 98.10463558935514
69688.63331749433 91.15238951652796
66034.72920383193 86.6897111222926
63112.22312150297 84.72985760569816
60843.6598112459 84.06225362511582
59716.334840548385 85.30004527363775
56459.52717200114 83.87883977563943
52424.22503042961 81.93388599597833
47581.589639611906 79.53275011248033
46067.561089379225 79.82475280657145
43512.71692974769 79.18277852313636
41437.07182411381 78.66293372394668
39548.120261023025 78.2491876566103
37943.68911285698 77.87596715543371
36443.56298164544 77.56130294577672
34985.32115134313 77.21835337328993
33446.681374168256 76.87914101226207
31839.339589152456 76.46909121575118
30164.772924298155 76.05867767911005
28438.02683957748 75.61481837364882
26716.169309471494 75.237100537744
25136.656221475245 74.85022278512994
23709.93844606621 74.55220460227575
22498.068506889227 74.27938435625511
21277.458895828517 74.06040391229907
19986.979633099152 73.79569320064775
18631.77262909405 73.5441925515857
17342.315405273333 73.2235779615535
16130.668500465134 72.92588332180065
14976.051471643648 72.59081283974199
13958.930210716206 72.26069992267756
13094.096839458462 71.9270921435456
12323.427355722873 71.60990559683675
11637.457821548065 71.2641024391796
10963.61445492095 70.99354757818135
10384.478411994962 70.72369424315337
9799.574650769535 70.50571811741247
9195.662016256967 70.24667651579186
8489.307898958461 69.98246245459379
7719.404782222141 69.65621855776469
6862.256777153849 69.33962325259579
5966.689031092872 68.98702836949373
5039.6968754016325 68.57406211684636
4233.202519807442 68.17120509978194
3436.8091419197526 67.83622982913036
2759.7867072243457 67.56028979860534
2076.8321118694594 67.3238579554115
1443.28766528904 67.0998460377995
894.1280268015464 66.85775223671168
485.29564422833306 66.62020869673313
188.6472869504833 66.45665840566124
57.075537308796775 66.22577854571355
7.016229161314946 66.00499377855847
11.252738240808746 65.80543067820695
42.56844028004636 65.63821581867016
73.7467110117902 65.5144757739593
