98367.43270863737 250.3918232868799
98370.34647287427 249.4714175673106
98728.60730997399 244.7963131046131
99356.82520546709 237.22461624067984
100169.61014488424 227.61443331740315
101081.57211375624 216.82387067667548
101986.92742247584 206.20153795394353
102862.45788799068 196.4966225589117
103562.36922300946 188.48042291814593
103779.22789568754 180.67623641731348
103843.91911673706 173.21237386391502
103521.70693107584 167.46956335501838
102786.00949129931 160.32001860461696
101921.94569083348 155.38949727772166
101189.78549159956 149.79906700140447
100798.5643044857 146.55251780480015
100212.47583984806 143.17197852609365
99811.06339374215 141.50009339419225
99411.24798867888 139.51071845501662
98949.77309552486 136.93426250819954
98485.11979735593 134.6960840534404
97815.5697628191 131.55212748573678
96688.87150449428 127.00997604993083
94998.24996483409 121.72594635098531
95179.27743848889 118.01958941115012
93256.11281909379 113.60776858583375
89329.39400644947 107.05172443377467
82808.53115773709 100.49292820989024
78408.01706349428 95.27588061343485
73780.81153828964 91.18539020912716
69331.51964045988 87.940895805836
65383.72435333446 85.80932997372925
61892.45284778652 84.10724452963446
59145.961851427855 82.7447045012906
58410.852235625265 83.48938890303057
55232.561642502136 82.42820026091434
51467.028438380556 81.10279026560407
46936.54173577138 79.54942685478711
45380.931216301375 79.13947756158035
42915.94319238057 78.50868243852838
40871.99928057951 78.05201256312324
39038.76670632329 77.6616921287132
37374.06691694851 77.32200653231516
35844.29726081692 77.00342427396238
34337.43694104273 76.66250515890523
32802.249393563085 76.27895455255882
31207.989576516848 75.86204591973332
29543.905658982272 75.45467772212255
27876.785939556732 75.05270071580111
26232.703507710965 74.65942578487649
24741.11589520838 74.30605784579335
23352.12492667503 74.01576849257434
22162.02535809363 73.77598541202157
20971.897002898088 73.52043910640774
19673.92374917491 73.21239838740729
18355.181655790668 72.85195653375816
17094.94501956677 72.48713501075893
15886.925746276656 72.09864646391414
14777.390711597944 71.69369141247665
13771.285262742655 71.34484108029773
12929.04188535324 71.04593121874817
12157.849303746782 70.7722476656041
11492.894399520435 70.54899418963284
10818.767907171774 70.2973666422913
10239.273596412286 70.05835255247
9668.93017731421 69.81890560719584
9075.524104989232 69.57116481089768
8371.285618964132 69.31398892555522
7613.55073442021 68.99002636313155
6762.558138812175 68.70088898283406
5874.188993778239 68.39639477573007
4963.508723522555 68.05563678773753
4166.778028619087 67.79992272870486
3378.2029391617366 67.5608744548787
2714.714219838848 67.39514970030827
2043.401765220641 67.23049357791955
1420.576577006817 67.08265542359331
881.0934768747336 66.92225325416274
480.5443498890505 66.71574467528329
188.54586748220785 66.51489990583885
59.899642854970296 66.29062025516701
11.065536562674172 66.08055611538596
15.003968410817858 65.89959975275275
44.675358204890884 65.76264343352476
73.040125750381 65.6845794239593
