98090.61047677019 246.0193213668885
98305.83781268568 242.0261372094849
98335.71463310193 235.3126111031542
98213.5849865238 226.61689019610947
97972.79292145616 216.67712163656344
97646.68248640407 206.23145257272935
97278.75120473531 196.28069370926505
97007.5851481019 188.77093193432515
96625.31733437617 181.48743439124047
96230.75169445675 175.77421545725784
95721.5128823121 169.55909340288625
95123.42512084173 164.25560049047647
94673.13809345235 159.35872107123637
93948.21610689246 153.69547269650744
93074.17190998491 147.20316120608678
92457.03113758149 142.52200935065696
91612.3490976493 137.37094146704803
91116.17937827208 134.59298532451646
90232.61098064181 130.14460615819394
89738.24942721138 127.56470933457311
89384.74389770742 125.67913998491903
88831.33098376854 123.08919296036208
88107.31769812487 120.70650512773548
87096.70440894294 116.92584046005868
86852.53528594406 113.66006768693546
85326.54999626143 109.77287436415085
82428.2047175674 103.87438180718183
78046.25444826066 98.493464244526
74646.42725916202 92.90054789492002
70958.5778545173 89.4099502294966
67145.02604035744 86.78502726687407
63162.71014804463 84.24724341675012
59468.87604274161 82.62012788371649
56505.19977503586 82.06492892733586
54381.09978778394 82.00550426040282
51127.35937672513 81.1013587561663
47846.7247354012 80.1796206505349
44411.333725738376 79.21939035811991
42974.806207930225 78.91949884527719
40815.719298323136 78.39376695064219
39049.2336283425 78.01928817095153
37393.88840631414 77.66042051434518
35981.58615748394 77.39155496131671
34627.70527375705 77.12397611276526
33301.76903055927 76.8631878406633
31883.798992768017 76.53958439155684
30404.05510925028 76.1969460507384
28854.781930722424 75.81736866557542
27275.501626276622 75.43956644589879
25724.346136341635 75.05155256658182
24276.72987347032 74.72269669047645
22915.647083367126 74.40463601497785
21760.43318732192 74.15144456571973
20619.584784139442 73.91711353921659
19399.192711304633 73.66352308110802
18134.065312598228 73.34437464516989
16926.896557670505 73.0440998550267
15776.380381309915 72.68821219506815
14688.080098486465 72.32756983142067
13709.51674750918 71.94765778351673
12883.681566685553 71.61543277853653
12135.669039215443 71.27448750584254
11471.25621725735 70.97844502675127
10813.901795800786 70.69401992250737
10241.852607219958 70.45611709150133
9683.191033980482 70.21174337751162
9097.467260659638 69.98095721508886
8397.95837802031 69.66452172740986
7639.7097774101185 69.3145008824696
6792.171144513634 68.95626484607638
5915.718934518582 68.6073864415624
5008.164360632189 68.25327010651964
4210.596841708242 67.99510759055782
3417.816362454174 67.7675170387208
2750.330148952488 67.59737659198973
2072.10284065203 67.40878853764777
1440.8169208823185 67.20304323416238
895.02111362551 66.9794751635922
487.35555615234057 66.74084020546144
187.74795953340896 66.50705467639422
56.29223317565568 66.28093199776892
6.810315974163483 66.06221025498395
12.24189377760121 65.85314476039892
45.52665243462073 65.6559908263737
79.60427779388324 65.47300376526816
