91079.48064128261 202.06234563127433
90905.51298492587 201.70573214180268
90749.43811223515 201.15103334351392
90617.86630380421 200.4027492160858
90517.40784022678 199.46537973919595
90454.67300209681 198.34342489252285
90665.8285259327 197.25748631473024
90441.11067024137 195.69868475567077
90656.48297968511 194.22860366337233
90375.0913675799 191.76041775478643
90519.04708036309 189.37745438081782
90145.9000874328 186.4373375852578
90275.23205565887 184.2045200585493
89903.52151221532 181.6723506860274
90071.44678118409 179.7825646543276
89835.48956225619 177.85236177642958
89821.90014543774 176.72937462523268
89747.4175331301 176.05205018941663
89813.87309632981 175.19288659294824
89793.7000547255 174.58880883133395
89849.39330576536 173.67435405873064
89801.39442374253 172.37377424920678
89775.15956592753 170.04551289786735
89565.61344311274 166.62696017400415
90140.33268207428 165.8998311421359
89584.28730155923 160.6405718433716
88407.61234116639 152.15347344315694
85793.99015475762 139.42082767044076
84346.4241663302 129.99224150899477
82287.88711728617 120.47689010827696
79736.82044213329 111.27697069046141
77030.67525937955 103.1296575199801
73946.6430122246 96.40467117882122
71159.62899039664 92.54030735548905
68707.5165482022 92.5776731900546
65303.54644546203 89.32250220589063
61680.169719779806 85.82566556653738
57751.361897179246 81.97470687112165
55760.156856226306 82.82147562624436
53047.01276378683 81.92389889344754
50705.37915942239 81.32753121093005
48516.153978596056 80.78024052827567
46596.96859959918 80.34755922556357
44822.59155868306 79.95382862979268
43070.54401383339 79.60660193127269
41201.33001996134 79.24340867469593
39269.47798639523 78.89539069591177
37242.30069485841 78.49959262749499
35159.635911985395 78.08990089620774
33102.589341239924 77.6573002489809
31205.75434154491 77.2926069456731
29459.392935365988 76.89410745990331
27975.183570877143 76.61061350526167
26510.27963419054 76.33307585680271
24925.311630027998 76.07388054904008
23296.547469980494 75.78210048509666
21745.963374997005 75.48599218643233
20246.127151800687 75.16734788734253
18850.40145474764 74.8443981510344
17595.301888861995 74.47967026989703
16535.01728502003 74.17114794347897
15576.75108808976 73.8141127388022
14736.303974069784 73.52033618453054
13913.492914902452 73.19314415269939
13180.45181914473 72.97685737717863
12457.520255847261 72.68821509412835
11701.681688552371 72.3168565627856
10808.755592318104 71.90336331810066
9835.914906017048 71.42779713379238
8751.540882367804 70.93261649738434
7620.296589217044 70.41100512405765
6450.471816636913 69.88079378400509
5425.646416778574 69.4514835665263
4409.179188611556 69.00856632348047
3540.3804650164343 68.63897927601312
2659.0890991317706 68.1610659826842
1835.7584530210938 67.69070586780651
1132.319827608035 67.2384938832133
604.2475406066238 66.79552465219989
218.80821068341825 66.42486784622068
51.26060715031633 66.10921130954235
-10.026089221718326 65.86418933952346
-0.3758771271331618 65.70074471573243
44.88724473961092 65.6298202177378
90.43927768405257 65.6623586251082
