99277.9271287539 231.22007581585643
98840.48033013604 231.69902304950608
99163.05726942835 227.91738368611118
100055.99955396549 220.83952235905394
101329.64879108204 211.42980370171685
102794.34658811301 200.65259234748243
104103.25967397541 189.8891041337248
105306.44541480688 180.2612985973917
106110.7694579912 171.69797019554446
106441.73921471139 165.08644568909534
106518.46049662001 158.79721115078
106074.301926162 154.65823545736416
105796.96496433605 150.5287307674624
105094.2348315961 146.83860095382698
104214.6657151492 141.33897368514477
103447.78612916383 137.12684832140758
102798.23763086565 133.5121411249901
102285.96100590288 131.4126803210561
101881.41414893873 129.17438395564463
101479.90191403913 127.33570166936607
101194.6586954064 125.74806138587272
100524.38632695636 123.35097435705615
99164.68667161035 119.77734723135592
97497.45194054002 114.94127323184063
97500.04101144135 110.37841390204812
95186.1987061169 105.74379007206323
91062.73912326462 100.87125049218386
83994.84599219478 95.7519981826129
79294.51010762053 92.44080422936895
74172.0449695863 89.69442809152997
69347.89428539424 87.62932460361789
64682.76041857294 85.45038938457397
60564.45937162694 83.39322504437712
58185.9463772741 82.72726276481782
57638.13941273867 82.81278524709298
54487.81219927204 81.70269976346458
50728.93426704948 80.38844481298264
46159.431550384885 78.79909128190815
44764.85754505939 78.46944738702341
42353.05728905716 77.87311467528514
40338.35663412704 77.44572818267591
38516.60696475407 77.08303680974511
36934.359798714715 76.74747173648228
35456.27979038743 76.43167260462434
33996.682764312136 76.07917996451629
32448.797280356273 75.68560062620924
30847.732908718146 75.30950303440103
29178.162682374183 74.92870323184434
27496.04651231883 74.538134203765
25858.15329273205 74.16933229351599
24360.410832757058 73.82824197800743
23024.815893914765 73.54081237597616
21887.622993835554 73.2914470611872
20742.556457145587 73.01757820402213
19498.95316915253 72.68693194654443
18226.03292289249 72.32191898822313
16960.57148538791 71.91914927221598
15762.259448406092 71.53269118450834
14635.576328411295 71.13778865734105
13636.750810427693 70.78529944127376
12800.93232136903 70.43975865448743
12052.253953019399 70.18870952544147
11387.684211426325 69.97491243846643
10735.542207517616 69.74966543516878
10165.987078778038 69.54367559628915
9601.159502694285 69.35750292632667
8995.225609858511 69.1659922648243
8302.138066855452 68.97090598992885
7543.618298715551 68.7076120457073
6707.110492815345 68.42727014928339
5831.740617100595 68.16148681555875
4935.789667131424 67.91656567162765
4142.0317611180035 67.64220969376294
3359.6434716942244 67.39691065177344
2700.01122872475 67.22505461310286
2032.121767788793 67.07532410985799
1408.7427880495804 66.95275868319203
874.821859939278 66.77990666866398
479.0782192140186 66.60840626827364
187.56753555267377 66.43676109616335
59.66149491068195 66.29647249309858
11.198480989571546 66.157501613746
15.384169448752427 66.01484973391426
45.42423594762424 65.86351812941227
74.52435614558617 65.69850807604897
