870731.7367102231	729.2634024683334
870240.4233113902	729.7394624833333
873120.1185030431	730.294338005
873081.5700518546	729.4879211399999
874142.3364225178	731.4611999333333
874062.0952534508	729.9283058883334
866692.2977003996	708.6967506000001
851606.716361648	596.3890681283333
814546.3910847155	505.25492951666666
757601.8382919469	458.0827307083334
703625.1917407579	427.4779331766667
655423.7870327649	404.46081346166665
614391.5650299158	387.00643783333334
578363.4898976668	372.75809451833334
546493.4391439295	361.15866786
492151.8135990132	345.6523408783334
446652.1245401887	335.6181803233333
409046.42124068853	328.8458214616667
350739.05761345255	319.1819055066667
306463.81426439533	314.34390597833334
272249.72249918757	310.89893228333335
244942.38866891587	307.64996263666666
222650.9297931317	305.94232002999996
204020.60381469308	304.243692965
174852.1553211178	301.90065342500003
152938.71917163508	300.37430113166664
135909.00625956565	298.978733105
122285.02420724988	298.11927156
104056.6760377124	296.68724369833336
82878.32849440588	294.99978604
76396.49262171717	294.69662070166663
66063.43414118233	293.38008562333334
58191.88154901615	292.5880151133333
51996.45077991366	291.91516511000003
46992.45226303332	291.620890815
31754.36039525157	289.386981005
23966.35851792779	288.293969845
16078.268999650465	287.06438690833335
9695.708979066474	285.79724226166667
1218.87386859894	284.4204514983333
487.32220887448347	284.202822035
