866887.505556092	894.6169397433333
866595.8113585981	894.2403188
868906.5484899229	894.523483255
868525.689644203	895.0659317666667
869277.2414868445	895.2042437683334
869933.121182862	895.0842149866667
870814.9186952804	895.3745444599999
872417.709881553	895.3166856416666
874723.9118657149	895.352011545
876602.8896541976	895.2140146916666
868398.7321408434	893.2045054666665
854211.123771448	802.793346735
847956.0622182398	697.1456367
813316.8127448204	629.68995492
769366.7028749706	575.3836974616668
692176.7447961485	508.4285204716667
628838.0298787385	455.64145945
576087.6289840749	417.40377141
493254.4808156328	377.23736205
431204.9201629843	353.55963779833337
383011.77334899723	344.8615230983333
344500.1064074966	338.14720595833336
313023.97230904043	332.3381374416667
286818.8073028372	327.83881203666664
245682.15140322785	319.3322607266667
214865.38701901614	314.97470792
190903.89570798376	311.78065621666667
171771.47163991435	308.82855165666666
146127.79117151527	304.91501761499995
116240.98582809627	300.93918184499995
107151.98660754038	300.12521680166674
92660.94241769265	298.1198441766667
81622.47620856424	297.03223585
72933.8036648686	295.893895825
65916.94524720534	294.83280854833333
44510.44269321422	291.94521138666664
33597.69650912062	290.22149521666665
22543.16213843262	288.3466034366666
13596.172018098649	286.39045983166665
1705.1203195612736	284.55108577666664
681.6902404247171	284.366176235
