872952.4700993618	724.4087851883334
873551.0807377424	725.1650927566667
876028.2389790572	725.6472364883333
876519.8693259414	725.287286885
878003.311798424	726.2500790016666
877807.0287159841	724.5379377316667
868003.0698446716	692.3480705266667
851968.9066007317	572.1272828283334
812276.6182208776	495.60656839333336
752297.1047373081	454.94858225
698237.6800309944	425.48460488166666
651212.5410197122	402.8263792466667
610017.3944894302	384.6464315283333
573772.6382250392	371.7352315816667
541549.5052121477	360.430928925
486784.05388754385	344.2814632166667
442123.52402530465	334.48101213166666
404923.69506422506	327.7852347283333
346670.9166222842	318.1128472333333
303016.8222930034	313.45404099
269123.51180883456	309.28740423166664
242046.4728702377	307.1010172383333
219924.40311198367	305.2934786516667
201503.6473259822	303.66105743
172590.95902123683	301.3338883866667
150936.91648450968	299.97538348333336
134107.0187226368	298.7022263666667
120657.00808828391	297.79375124666666
102638.31606575946	296.493612105
81633.8152919232	294.98968541833335
75247.13154487972	294.36672724333334
65071.85071340767	293.2408294683333
57319.87555169669	292.52731041
51217.512749031775	291.77348137333337
46289.765487622506	291.0692651716667
31278.63147799408	289.33119874
23609.568676939052	288.131654535
15838.657090608483	286.9468286250001
9551.447883551886	285.790535015
1200.9665038119942	284.4849940966667
480.15071964459753	284.1152272500001
