256283.6280845773	1366.242310394172
256749.7312481732	1256.410030997494
256113.85968005395	1155.5175700377702
254659.56374567113	1064.8356790805828
252670.39381047632	985.6351096915155
250429.90023992184	919.1866134361521
248533.93071460573	865.1115672819875
246954.84767889557	842.33926673379
245786.75402283928	825.2643162859966
244817.00255800248	806.7056720503401
244473.01530766534	800.8465976915521
244937.10818990576	814.5695726028227
244794.76849076364	813.805194904
244560.8559286562	810.5606369085802
244151.11907513122	805.0610715201423
243452.64564844075	795.9935393131452
242467.6923748688	783.9550192729042
241150.9942825224	768.6038336246176
239684.22646164708	752.2999999141086
238344.4575421563	737.4672349256082
237363.18777216194	725.4404674979547
236566.84190746327	714.1222752173989
235314.7941305054	700.3945093199941
233729.53222764056	686.5031683561596
232702.10855390798	672.4636391041703
226359.01661475954	641.2470334136884
216130.96832453704	600.77542562201
201444.36084344162	551.9966033659338
183317.1010981176	502.0057272014658
163206.95663056787	456.6357812548961
144556.05689870103	420.11942838996987
125563.47455981962	391.03081993108486
107356.80599584126	369.88744598685014
91009.76484373455	358.4047044196046
77363.22677990267	354.99306400009027
60508.77588526708	346.2497611037461
44561.69404821572	338.3635396164772
29456.538719125103	330.9392421338159
15818.6177658866	324.4065353060954
5263.409087650899	319.4720819664392
-1193.1873620584668	316.48430022130896
-2535.271629718082	315.79160817716746
2253.0562381955124	317.74242394047747
