291496.78635175806	896.9724198494284
287411.1954291726	784.2036836251397
282428.6495118175	696.9839542913093
277019.2767869745	632.2954130613559
271653.20544192556	587.1202411486984
266800.56366395333	558.4406197667572
263595.5310046619	540.1398956488164
262607.23400070117	545.0846597419285
262318.72608672356	545.8209117138476
261952.8742543115	542.1741020864661
261920.28748837288	541.0697047119323
264130.50035612256	551.3296486757863
265014.72091220075	554.0171842087468
263874.3844388906	549.15174895215
262619.25608223706	542.7190305911203
260444.77536665273	534.9698971828375
256650.47243741804	522.5480045442166
251896.58150805865	507.31182676983815
246511.36209484303	491.21619875218465
241552.84949157134	476.3651654806228
237590.71317200724	464.06756373200585
233145.0332976597	451.91742566615113
226997.66353691297	439.9380050671107
218911.69745240538	429.12076307481067
207718.8671123022	416.51996169340816
190902.6747136468	400.85044217355204
170622.05330612915	383.4144313260966
148779.8647372895	367.1431061463374
127280.0219681465	353.9067696962597
108125.18494704593	345.04397262208715
93806.04145585884	340.0765385592045
81118.8216965657	335.9685326126971
69968.5531711033	332.82564464985717
60165.654275203546	330.5334757917375
51192.54891863579	328.58383768010975
40041.29725777882	325.9366000895736
29475.358134756836	323.53688298101093
19514.922379702857	321.2363471429535
10508.33493837898	319.1787624232399
3533.7244722842343	317.61507658275036
-740.2491971671026	316.69448682038825
-1644.9262485607933	316.566190335058
1488.3531395174005	317.37938432566415
