242756.8641146826	1175.049928444265
242981.55810207903	1176.9632741920511
243116.63839607642	1177.3554663308432
243178.2577518458	1176.5629053366883
243182.5689245582	1174.9219916856334
243145.72466938544	1172.7691258537293
243138.07424252783	1170.8609908152634
242998.2580076078	1168.9062289313513
242934.5653880404	1167.2570261828082
242892.89369698468	1166.1090155666584
242823.40597695985	1165.5322273679637
242904.596181872	1165.8173181111147
242952.73516136946	1166.6378733556871
242946.60630787918	1167.011117017416
242951.03742086492	1167.6110053097004
243018.10859849703	1168.3450182409788
243069.8518126163	1169.1124679516586
242985.35649826846	1169.3800159071907
243010.84609448226	1169.1716030336243
242990.6976539866	1168.87969987113
243002.442292748	1169.1484701166
243069.8211272753	1171.0250617483832
243151.04990264078	1172.3974347695448
244212.3796503288	1177.178860164805
246680.36352562546	1160.48853944658
244969.2084180791	1101.0802617749441
239542.124988798	1010.0115964031879
229244.7632968096	892.7025600211946
214087.29370934857	761.742361622383
194982.50292664638	632.6577010216638
175598.95711680548	522.096327864488
154059.19529508962	440.06225649052135
132407.99368141487	392.2747800962516
112551.47330135445	378.2751797781515
94988.46492884416	370.0553691763451
74292.4495399229	355.8355455407079
54602.45505697413	346.56494472657823
36101.39130694448	336.48874899451914
19316.64848149413	327.22212765063307
6330.992077072892	320.3908957570608
-1588.3503419026113	316.3730194638964
-3174.1512110158396	315.54646492123527
2840.8170341497225	318.2891982791724
