266167.21274216025	472.52433968481673076923
266806.7558188921	415.70008983125769230769
265523.79364284745	369.72010642786150000000
262809.1523453905	333.43063171780976923076
259153.65805788565	305.67790794428457692307
255048.13691169771	285.30817735046830769230
251427.00154996294	270.05605434155673076923
248302.20858509728	263.83434849265200000000
246140.61440996916	258.48276528366276923076
244329.80799807896	252.39877834804773076923
243685.56961880223	250.34780315464923076923
244567.2944814509	254.29582012424019230769
244674.05276409982	254.91684764311538461538
244487.20968017465	254.65754358568303846153
244182.14147803606	254.02918219349184615384
243714.0881344702	253.05582333917650000000
242759.107282576	251.04523982298050000000
241054.46105746494	247.35226733457119230769
239179.7386300938	243.51973300124392307692
237587.7808311059	239.93003460678746153846
237248.1738025911	238.62065939620080769230
237287.51738547135	237.87149111339046153846
236145.72158279963	235.40855284628146153846
234211.61438739838	231.90123864059296153846
230423.24452326458	225.83097517709257692307
220418.9327262607	214.99510957684892307692
205770.359888037	200.79215071563915384615
186734.33681956847	184.39834250412603846153
165073.39774446032	168.36960706081859230769
143288.11602066734	155.07667847432050000000
124853.64584788209	146.23802152378402692307
107632.86728674563	140.04659345948123076923
91977.56682272122	135.79263805879240769230
78877.05288377643	134.06255076105021538461
67074.96885508952	132.71927841542234615384
52498.01514746857	130.19701001776378461538
38680.91486334035	127.96694753510734615384
25610.64010317583	125.86134306032696153846
13763.516200513364	123.99997793648763076923
4586.655184028303	122.58771811441479230769
-1030.2818911879967	121.73987694661097692307
-2197.633970044237	121.57176778557900000000
1974.2600025508636	122.19870398382173076923
