251370.6726808599	1322.6391985947203
251340.8451391264	1263.8735943431006
250887.01397208683	1203.869510266302
250139.7929177673	1145.405791522683
249229.7957141939	1091.2612832706027
248287.6360993936	1044.2148306684214
247683.2989033223	1010.9171292409737
247192.05399095087	996.5951647111642
246932.89499705724	988.7452050338062
246777.8922763099	980.0083010226095
246839.5300663131	979.2780071622637
247205.7944427169	993.3834830852127
247344.9477794001	996.0990879143189
247216.38328110834	990.9446756277962
246970.42180714943	981.8184631707874
246700.16700352603	973.8423664459431
246268.41386591547	962.2029076359971
245548.80083215798	943.8053234875977
244715.91005798092	922.5241393526946
243861.99200694714	899.9928246539184
242819.71749237654	875.2522180542758
241527.878138626	846.9109116036035
239825.8897667171	815.470172624629
236713.79774456559	778.1071359464432
235079.73207352357	745.9148765025931
229118.55871104292	701.652959440899
219876.7260284313	650.2251484011825
206718.7176996278	594.0065569117495
190039.2690362926	537.7500385512366
171137.43383939815	487.0040907073438
153069.8104105074	443.58162352538557
134034.56259593405	408.4799771039636
115151.25121193753	382.0064499287344
96996.04100592942	364.05143696614306
82295.6808764778	359.55896139283306
64371.21641062418	349.5666739517376
47381.27763308152	341.11656735502424
31344.561300797257	332.67689671966286
16786.80430444858	325.2466234101087
5520.462322462592	319.6871282174572
-1354.926728059553	316.38605069302633
-2739.8249300167663	315.7310303881351
2465.305633692026	318.10970685410234
