247194.8573182349	1232.3444213879254
247367.92779740976	1250.0447411379373
247381.01149448758	1252.995944225459
247281.5730163658	1245.3625847291962
247117.07696994185	1231.309216727856
246934.98796211387	1215.0003943001473
246852.0289337806	1208.2347814275831
246877.53785290933	1205.2975767489972
246899.69352100263	1206.433727383232
247020.27515340917	1211.3873236765148
247098.33760432538	1218.174274394615
247199.25590591508	1229.794333368096
247366.8208691029	1244.5948581395141
247270.16685578867	1240.184686242727
247181.98029083124	1233.8861161109203
247158.14059846968	1230.0995305375677
247113.27307152684	1225.577913929009
247064.58417753945	1220.4268217595254
246994.36319162615	1215.3878472703143
246969.8609566589	1212.6638703489116
247055.66684434516	1215.0684539477888
247312.6943522861	1214.0058843100383
247498.5150485196	1197.4053048801782
247930.2174761994	1161.396210336281
248472.6929835404	1100.8376910550571
244268.37408456986	1007.4041111593843
236191.8582371075	894.2930193737508
223447.49826151665	770.1414489112447
206340.0686002045	649.3289671720756
186114.06171055042	547.1583630939288
166552.08499353885	474.0738832614227
145894.00476285466	423.4919306897366
125611.4622908294	390.557670473101
106999.52141532366	373.99279439118584
90277.41681495491	365.83192087922384
70608.79873262264	353.5509722128214
51968.01929396406	344.62332716268935
34422.427255087016	335.03677555773595
18508.598055350718	326.45854711202395
6179.336226128327	320.0978852608117
-1374.0641889374103	316.3566832530533
-2960.309146203741	315.6368343377036
2611.895397972205	318.3402317637175
