288231.85702307726	371.67627005359484615384
283846.1560191654	319.10403801411142307692
278134.09597241704	278.97871557444423076923
271762.63771826413	249.79238220725680769230
265398.742092139	230.03711738521311538461
259709.3699294741	218.20500058097742307692
256549.47390454696	211.52452364987346153846
256102.31494286694	215.77314729575546153846
256658.57250876474	217.29020321423165384615
256879.7926651552	217.07998575502569230769
257249.05392833814	216.81571298028719230769
260723.0252327147	222.80045580217473076923
263221.25376038137	226.37004281061719230769
261716.6955420032	224.72826224742007692307
259976.812239585	221.67090551581253846153
256581.84495810946	217.43739667906492307692
250974.5071969745	210.63316288156473076923
243635.31911317888	202.18369767706707692307
235733.45466197474	193.23024749412074615384
229596.7261709203	186.10271997370948461538
224564.21216318067	180.42437168885647692307
221192.4338322274	176.65907968917176923076
218162.86807564535	174.07946361341865384615
214641.54298198962	172.44727411592446153846
208276.99228167665	169.43655696864547692307
195037.4215405898	163.60551236549411538461
177330.10336842	156.21497130228509615384
156628.55193058294	148.34763610830531923076
135157.35292768752	141.34028002332832692307
115650.21197644873	136.58131553342780769230
99361.84087305971	133.17294057105855769230
85818.67046294255	131.27340835862957692307
74034.66906075685	129.78971818119694230769
63562.971206951006	128.60980832113925000000
54154.47518247274	127.64331095731609230769
42379.93183729456	126.33823724107530769230
31188.358820848294	125.14956031110848076923
20664.410252532976	124.03170149733015384615
11116.778880543592	123.04072923904276923076
3720.977902861577	122.28372947403466923076
-807.9680678627028	121.82444416274273076923
-1755.0344189788661	121.72661526560415384615
1594.8034621634974	122.05398474305616923076
