261273.5788577496	508.35082878240461538461
261534.85501379386	444.81939717986330769230
260186.79332034674	393.81682212175884615384
257660.64781348172	353.97542051400007692307
254387.67252927236	323.92750926249615384615
250799.12150379288	302.30540527315676923076
247833.51182938516	287.32090036902969230769
245369.7893380673	280.79521555167284615384
243560.2361485898	275.81198260847900000000
242140.5406178365	269.72963129024484615384
241602.19793160813	267.79332955354950000000
242364.11698004015	272.45295404675823076923
242145.24014056937	272.18991856205330769230
241846.84785847567	271.28448649939707692307
241510.71239412445	270.26358154844380769230
240769.51629148843	268.21079947049115384615
239835.26865406227	265.41959339817926923076
238380.39687264932	261.29168410592534615384
236776.89536072183	256.75236278810815384615
236025.66777363085	254.12117927237834615384
235972.54709051957	253.25446560175192307692
236530.00428849502	253.24339523834715384615
236055.5149386049	251.51623821023165384615
235460.34685048676	249.22334631222200000000
233708.86683471117	244.49667787771415384615
225527.08774309081	232.87557550333869230769
212736.94748943893	217.18121556111611538461
195205.82672251394	198.32400519888573076923
174668.71001595378	179.63263939298796153846
153303.25384032415	164.12103081736930769230
134298.39508086574	152.56809880129288461538
116072.16270567503	144.23301545889398461538
98977.49624052653	138.23931115299479615384
84672.36266585627	135.81117091500542307692
72006.10790595305	134.54077582915880769230
56318.583194231425	131.58980109269206153846
41450.21977645206	128.97361050480730769230
27422.664498514674	126.52274469284446153846
14712.319157160324	124.34429470832436923076
4874.325556718901	122.69200496518285769230
-1137.5846237823453	121.69664027476533076923
-2369.679705316159	121.48896544841750000000
2131.771991144632	122.19974529748507692307
