244709.35993551218	1199.8109738498242
244907.12606243222	1207.1363718620157
244971.93283055336	1208.301451622447
244938.03140779442	1205.0174484584572
244839.6729620742	1198.9955976973852
244711.1086613123	1191.947134666573
244652.33444675157	1188.620604445458
244596.85201569615	1186.9044732310952
244537.6285011963	1186.8122453924589
244561.42572759863	1188.3892925356017
244603.82722902574	1190.7809825613165
244718.56487485574	1195.6619973459085
244869.81815325838	1201.0204909623071
244796.2217436997	1196.3512897848827
244756.39224586388	1190.5740286081773
244755.00952976168	1187.9378495539581
244761.85732407626	1186.5241173583988
244710.07358622193	1185.9070795012037
244707.03602875618	1186.3737707988573
244769.44281116125	1188.0158500596501
244822.93274340723	1193.555571824238
245035.5255081434	1201.2053663011689
245188.49309843814	1199.1597576139077
246125.14311259903	1185.0769471479168
247858.38128364825	1147.5299222169765
245103.72305235124	1071.2178887542136
238588.3120290393	967.7778842060355
227201.50128754816	844.1173713856659
211179.138387952	714.2132488744653
191469.26448742615	593.691182569764
171867.6525058534	498.7089609312479
150612.1288653352	432.54516627209085
129492.58867791011	391.98579107861366
110199.91093078059	376.87813429952683
92970.43079640921	368.37010453097986
72718.14194173871	354.9822297317686
53480.646315809325	345.88201089287577
35360.115519061925	335.94835617723083
18940.170974569468	326.92281419308074
6234.597040077787	320.238950913273
-1520.7013232129896	316.2921643660488
-3089.8191541028837	315.4778525796501
2763.148508608154	318.19141358231906
