268376.4706249242 429.518601703236
269169.72738908435 379.0290108799756
268251.4357828043 338.24353626295493
266071.6681701083 306.1720996647675
263080.49691502075 281.8246228980067
259727.99438156676 264.21102777526664
256963.20330621107 251.67860000344035
254772.6071075408 247.8283666711934
253115.57359275542 243.23870605153974
251825.53020540773 238.46278559938355
251377.3160506615 236.83600494380113
252202.5300117182 241.28173859745317
252377.99861141568 242.5993275487844
252490.7591139397 243.6632121978759
252517.08094157593 244.02816024287472
252128.5614629673 243.3065506390883
251175.38722461823 240.83786127956716
249586.23567371347 236.41310990363166
247356.17640791932 230.249982330108
245524.87875232706 224.85829812238578
244652.15774058815 220.9737087085402
243773.51647497894 217.57792277632
241461.9006272351 212.7239619013753
238275.12165060343 207.70292203198306
232644.30156248363 199.30149663204435
220546.72783789763 186.41675664920407
203901.6439455227 170.90351939565224
183530.90255316798 154.47992991666564
160975.45806640782 138.78699376749336
139031.60270487613 127.03996174689979
120800.65084382419 119.61204584299239
103937.16480777397 114.37023804308203
88802.84881547473 110.8744009149546
76292.87626825063 109.44010868661951
64890.28375759216 107.97542946272972
50764.95014587835 105.6356846687545
37351.14516947947 103.55498901606038
24721.911587973827 101.596378315754
13281.96260104805 99.85886768209008
4426.858545850508 98.53578415752709
-989.6232229279462 97.73569026466575
-2113.7053505964614 97.56714852610703
1908.3895175358236 98.138721464452
