276767.515178892	1055.6846434003137
277960.2855715205	933.5012811343937
276370.27046098636	835.2791039258391
272856.5621348244	759.1309746478729
268278.25288056943	703.1697561737178
263494.4349857571	665.5083113765983
260810.95221556324	646.2112451252814
259629.1743373036	651.5438402024299
259355.7967728907	651.9768131599512
259760.9604161826	653.739077940538
260322.04002616208	655.272737764353
263007.487505723	676.7314627031604
265161.98494990205	689.4796175028188
263778.6473905238	683.7962275125815
261887.07659818613	670.473869769893
258594.76676721612	653.5585867208758
253637.00156962927	629.2180466508175
247542.871851854	600.8695633468002
240725.6766666467	570.8993175893139
235614.27004350405	548.1659480292826
232494.55848181035	533.426704207616
229520.73740431655	521.4170621369826
227350.94109820868	515.9485487405607
224832.80690590374	512.5481284459221
219138.04381493668	500.1447182062911
206735.20046633578	477.864876473587
189803.33934717087	449.75663763974075
169356.22860228916	419.3615378437655
147173.01593467878	390.676750151788
126765.68474172745	371.05412694212595
109965.01594707654	358.5903114726427
94178.24266375386	348.858730437833
81016.91832588379	343.9797810311586
69578.01738409168	340.4707089251253
59184.79454498341	337.1413629229846
46300.16117725621	332.46873820493096
34082.576030446406	328.29928351179194
22558.100366916504	324.3715535245813
12115.958170942107	320.85879264758734
4032.880392937784	318.18526156874685
-909.3750656846709	316.58585672133995
-1929.0503035135062	316.29547453864757
1755.61258086303	317.54901145395047
