250273.5968699341 481.02259473689685
250547.98393076123 465.2882695326429
250089.52886775185 443.7631521380551
249084.97533209747 418.6424550023675
247721.0669749896 392.1213905748146
246184.5474476205 366.39517130463156
244839.88678095478 345.057191981834
243704.39678045514 331.4490641511978
242833.24882738572 324.12440309177515
242231.9441243351 318.4638676954062
241990.0002018016 315.1021274289411
242404.08671292578 320.50198968594475
242445.4003944628 320.8368219157965
242303.14809949356 319.89085784202183
242173.29852506376 318.7429663952298
241998.22962372005 317.2797355224697
241560.85363438833 314.4737983438731
241111.39052425575 311.1478755738264
240487.09957914785 306.8216851587212
239989.6890434825 302.19008616228945
239468.47546477735 296.80811827051815
238285.216137065 288.855899202145
235583.93282664978 277.2481963908531
231750.445007337 263.7240869186637
230179.6233976663 253.21146615356145
224944.27736933704 238.20658722973286
216952.29407929967 220.52628452101695
205444.05921805126 201.5082977934453
190639.14925204724 182.25858307869268
173617.11940917876 165.17865738755347
156973.62017832155 150.00906442938148
138241.43073464578 136.0443061637876
118489.63927902743 124.06997554110069
99708.01262466259 116.50614212607172
84513.54523398973 114.70386125127942
66096.60962173413 110.75869391334533
48660.4494355333 107.48499419302678
32158.469563512775 104.13646389632001
17244.46410462231 101.18827440026891
5703.328001340325 98.98382039005507
-1348.5699675172498 97.67858127924053
-2794.8610231344874 97.42803648138774
2480.823613304537 98.38766541005906
