252237.6553728611 499.9325873408011
252373.38771881952 474.09102358636795
251919.3639038254 447.27242449363155
251031.25845842581 420.60535618832705
249864.74591316778 395.2183847961897
248575.50079859913 372.2400764429558
247514.12996855617 353.13388417023884
246655.06048112945 343.14724961110153
245961.1303396395 335.17573587337824
245336.45054671488 327.4473436156874
245064.52361610197 324.4371219547451
245228.79240647974 328.2777654521422
245012.5797196905 326.57972902791175
244769.80649341716 324.3395477272722
244269.67397220974 320.4778417690614
243676.0021743705 315.69766037517286
242828.2626006591 309.77270174902964
241786.32238150548 302.7873494559434
240479.52437286734 294.72135359457536
239087.90266594873 286.501482988286
237708.33851174708 278.26737737698664
236193.65014413427 269.6316586944198
233575.49793167532 259.28941996198006
230342.05116178174 248.65228569552244
228845.26573167462 239.94970955650803
223463.15021641858 227.2721953764261
214948.7205559478 211.8457375961006
202669.04390483806 194.33985940542013
186950.90392818823 176.18127492815478
168933.00051681185 159.29801245892546
151676.950399806 144.8018219605123
133007.12193477643 132.19400008387314
113792.63192107835 121.76025972640795
95960.8850756834 115.46164047384681
81470.13618143092 113.87442146122802
63792.73763408255 110.16044993582756
46965.599891907215 106.95570760388085
31081.15907031086 103.80205979332558
16661.87428079009 101.01623362209963
5496.566876086945 98.92366087786884
-1324.0560349185273 97.67444445666567
-2709.2873433463324 97.41868725452294
2431.5800596834974 98.30649216747342
