248596.5536354786 461.67698464935455
249205.81485317 470.8099696794469
249200.4746833551 467.5440993126279
248746.21643041907 455.2401575221611
248008.72339874695 437.2589282813102
247153.67889272454 416.9611955633402
246647.5246277546 403.36604309575455
246232.9091757637 391.48632299358195
245935.94215587067 383.42945687849607
245861.7511154827 380.73369346171586
245860.20064312278 378.0880795954182
246115.57190116213 383.7673088482051
246398.49954125742 387.1666329799291
246249.32422711485 384.52562140908014
246080.52547490166 381.62235015516075
245947.0353465889 379.8329718703256
245807.49472107893 378.4527248379277
245605.9686026743 374.9647626845104
245387.5480956459 371.16854789154974
245496.529503267 371.0534527249532
245932.88229508183 371.1211348374286
245863.1826304988 365.1800250501265
245471.1852158868 355.2300987089514
243105.09832870786 337.22517579225183
241848.2528238415 318.4304279299707
236118.7369244348 290.72611857409373
227020.60102040475 259.32904123305894
213966.44951440376 226.51135070473424
197371.22803505688 195.67703103853074
178599.7842496365 172.02939983796588
160884.5597725195 154.02701336252952
141646.60436242452 138.22902580824848
122373.76399129604 126.80280094575522
103164.65954625477 118.13511359977468
87268.27093334557 115.72659643207257
68235.71522835438 111.41164646359039
50156.74563307511 108.03248991979595
33145.95567866095 104.50095229591957
17766.281478659792 101.35695571110504
5870.67426666853 99.0145853846302
-1392.9801267658063 97.63222069201315
-2876.7958710962203 97.36824100877246
2567.1128642242993 98.38102571042657
