250273.5968699341	1313.0587463159318
250547.98393076123	1272.1495007848716
250089.52886775185	1216.1841955589432
249084.97533209747	1150.8703830061556
247721.0669749896	1081.915615494518
246184.5474476205	1015.027445392042
244839.88678095478	959.5486991527684
243704.39678045514	924.1675667931142
242833.24882738572	905.1234480386154
242231.9441243351	890.406056008056
241990.0002018016	881.6655313152469
242404.08671292578	895.7051731834563
242445.4003944628	896.575736981071
242303.14809949356	894.1162303892567
242173.29852506376	891.1317126275975
241998.22962372005	887.3273123584213
241560.85363438833	880.0318756940701
241111.39052425575	871.3844764919487
240487.09957914785	860.1363814126752
239989.6890434825	848.0942240219526
239468.47546477735	834.1011075033472
238285.216137065	813.425337925577
235583.93282664978	783.245310616218
231750.445007337	748.0826259885256
230179.6233976663	720.7498119992598
224944.27736933704	681.7371267973055
216952.29407929967	635.7683397546441
205444.05921805126	586.3215742629578
190639.14925204724	536.272316004601
173617.11940917876	491.86450920763906
156973.62017832155	452.42356751639187
138241.43073464578	416.1151960258478
118489.63927902743	384.9819364068618
99708.01262466259	365.3159695277865
84513.54523398973	360.63003925332646
66096.60962173413	350.37260417469787
48660.4494355333	341.8609849018696
32158.469563512775	333.15480613043206
17244.46410462231	325.48951344069917
5703.328001340325	319.7579330141432
-1348.5699675172498	316.3643113260254
-2794.8610231344874	315.7128948516081
2480.823613304537	318.20793006615355
