268376.4706249242	1179.1483644284137
269169.72738908435	1047.8754282879365
268251.4357828043	941.8331942836828
266071.6681701083	858.4474591283955
263080.49691502075	795.1440195348173
259727.99438156676	749.3486722156933
256963.20330621107	716.7643600089449
254772.6071075408	706.7537533451028
253115.57359275542	694.8206357340033
251825.53020540773	682.4032425583972
251377.3160506615	678.173612853883
252202.5300117182	689.7325203533782
252377.99861141568	693.1582516268395
252490.7591139397	695.9243517144774
252517.08094157593	696.8732166314743
252128.5614629673	694.9970316616296
251175.38722461823	688.5784393268746
249586.23567371347	677.0740857494424
247356.17640791932	661.0499540582808
245524.87875232706	647.031575118203
244652.15774058815	636.9316426422045
243773.51647497894	628.102599218432
241461.9006272351	615.4823009435758
238275.12165060343	602.427597283156
232644.30156248363	580.5838912433153
220546.72783789763	547.0835672879306
203901.6439455227	506.7491504286958
183530.90255316798	464.04781778333063
160975.45806640782	423.2461837954827
139031.60270487613	392.70390054193945
120800.65084382419	373.3913191917802
103937.16480777397	359.7626189120133
88802.84881547473	350.673442378882
76292.87626825063	346.9442825852107
64890.28375759216	343.13611660309726
50764.95014587835	337.05278013876165
37351.14516947947	331.64297144175697
24721.911587973827	326.5505836209604
13281.96260104805	322.0330559734342
4426.858545850508	318.59303880957043
-989.6232229279462	316.51279468813095
-2113.7053505964614	316.0745861678783
1908.3895175358236	317.5606758075752
