278729.26795705064	399.36137739820642307692
279041.9592902872	347.87024019503730769230
276328.9576917609	307.27960445681796153846
271577.30733214976	276.51154181761900000000
265774.0523821317	254.48812391151130769230
259906.23701238548	240.13142237256646153846
256586.0742367654	232.51482788483561538461
255399.3960067594	235.13203159692550000000
255420.76081903203	235.26424897573130769230
255855.64498179525	234.87550884924603846153
256718.78216645314	234.62028714997965384615
260605.70872236264	243.40833111459480769230
263564.52100099064	248.42606751458888461538
262321.47128927486	246.63804013532734615384
259897.05542938606	241.66238247961634615384
256404.4766989622	236.23317211071273076923
250304.6081720659	227.55538131084869230769
242772.95333905128	217.23433947231846153846
234396.55940652164	206.06972304389511538461
227131.49785304462	196.44777121994101538461
222346.35218474327	190.22331433541676923076
219059.43349955374	186.40075246468729230769
217288.16686290712	184.94461820569350000000
215811.31514282557	184.47379315071619230769
212047.09526882228	182.37359106955398461538
201621.9580759126	176.72369185885976923076
186105.9865900014	168.38960516286723076923
166919.2995735312	158.97973873860687307692
145471.60883822202	149.40560133792548076923
124900.20610896539	141.88766580574573076923
107992.73914833015	137.08275959513065384615
92564.47592310578	133.69866213662695000000
79684.33664158103	131.92040372412625769230
68456.30420977449	130.55399999030276923076
58191.676533394784	129.32135417420990000000
45525.25473938341	127.60905475799596153846
33516.499288667575	126.07734038919556538461
22169.298329296984	124.62301920267055384615
11906.881985066519	123.32653933107401153846
3964.9657130754717	122.34070658042623076923
-890.3238289185964	121.75310810445866923076
-1892.8599831581892	121.65133105690321538461
1723.48390811419	122.12296259149166538461
