257084.00812365074 499.9441195783886
257479.70631953792 454.0715898779584
256869.56728261 413.97795701028474
255511.15964244318 379.59760015198793
253662.05202861386 350.8648984796887
251579.8130706991 327.71423117000865
249746.14644628385 309.11637759656713
248333.4488703328 302.0149147958932
247233.31235953726 296.0012382150866
246268.91220888053 288.66464937537734
245804.03321938854 285.99392007040467
246134.45943137963 290.4959342998335
245934.9439320047 290.0753418371684
245713.34937671886 288.8242150423175
245237.97555365958 286.55800794231453
244644.94923622967 283.62849189313783
243897.17604849144 279.864729022873
242821.1998791069 274.74899160553844
241562.50159747427 268.9688917761066
240261.300268513 263.212192727021
239539.4605485389 259.06501014462896
239028.3876137513 255.12062610741964
237897.31900890815 249.85994271697962
236247.48864281437 243.78789510159345
234662.19762171633 236.81721106806737
227754.05729159102 224.0492414422933
216779.20108299336 207.33627389565382
201291.05053825176 187.66007959896504
182458.37380113802 167.80727415268407
161781.2845015864 149.67695638578277
143013.18123170463 136.0461486649875
124171.62704194625 125.38919503189621
106197.499812434 117.71886752048178
90171.05357932554 113.62685044767082
76654.68517001896 112.30221074004277
59964.93954179105 108.96291793039154
44137.9815488897 105.97950858247302
29173.91203844146 103.17706315783161
15643.623072491608 100.68513006381565
5174.850046382247 98.80488688694858
-1219.3302019606165 97.67837606431317
-2525.840834611117 97.44764003299254
2268.3949863566113 98.2547212300698
