270764.64363350667 414.6985126631519
272130.36018972035 362.40368486984926
270638.58070647926 319.45253391413985
267063.3491424242 285.0865243590117
262178.7094561958 258.54712076745255
256758.70560643563 239.07578770245112
252388.82491414275 225.0379888052917
249209.9049530556 221.58466174608574
247004.1974049297 217.98180272472572
245981.46586175714 215.632290839281
245837.54521959875 215.13177725316095
247580.22118644652 220.62012481426765
248428.25566056726 222.89747217651137
248046.9586827413 222.36737289135354
247183.31878704752 220.4300325579649
246014.3799916527 218.35528282561026
243908.36416855792 214.15400906301542
241014.58028224163 208.52273331910735
237767.15718845415 202.4616308055995
235918.1758438185 199.01946381876215
235526.25963072843 197.66307264317342
235285.06310716821 196.78051543961715
234386.38366781126 195.76947110327296
232068.20685853023 193.21338358958724
227292.11138510835 187.74402974833893
215799.97141769552 177.68535398440224
199468.95669780587 164.45350608486987
178955.21739916512 149.3773015174889
156522.8417565907 135.20707697173842
134975.81521785856 124.62769587391551
117247.83152567988 117.94743299547281
100689.48800436915 112.96233504604214
86294.61147830737 110.10011380333697
74089.43955490894 108.64175420116285
63028.39435372965 107.25279836345439
49334.61479713476 105.07842117067455
36330.112344569156 103.1504363820083
24069.882010255846 101.34208930026034
12947.383674446002 99.72784571620339
4330.481555009272 98.49946066864418
-947.7681140748047 97.76020880222029
-2054.3090988266927 97.61336476156967
1843.9148347331552 98.16220319133028
