39018.35527	328.3161
39018.35527	328.31820000000005
39018.35527	328.3161
39018.559089999995	328.38960000000003
39018.83085	328.1019
39020.62187	328.30350000000004
39018.932759999996	328.1817
39020.62187	328.2909
39018.74592	328.3098
39018.65031	327.9003
39005.34089	326.9658
37621.5385	308.0973
35533.05143	293.5695
33662.52704	285.75540000000007
31981.858500000002	280.0518
30459.340829999997	275.4696
29075.85446	272.11800000000005
27812.03095	269.1465
26653.860529999998	266.658
25588.00423	264.4929
24604.32082	262.4244
23693.804360000002	260.7087
22847.77491	258.951
22060.42252	257.71410000000003
21325.312700000002	256.50030000000004
18279.86614	251.0991
15995.538359999999	247.29600000000002
14218.68697	243.3564
12797.174939999999	241.2606
8532.091922	234.8598
6399.30904	232.0983
4266.364957999999	229.3284
3199.832108	227.95710000000003
2559.89306	227.10660000000001
1279.973904	226.1721
639.993796	225.6282
319.998609	225.62189999999998
