30113.27115	1199.8056000000001
30112.90985	1199.8182
30113.451810000002	1199.7909
30112.39802	1199.835
30112.307699999998	1199.8434000000002
30112.27759	1199.8392
30113.060390000002	1199.814
30111.82831	1199.8707
30112.578670000003	1199.7888
30112.81953	1199.6649
30112.51845	1199.5977
30112.94227	1199.4779999999998
30112.46055	1199.3226
30113.63247	1198.9194
30112.52592	1198.1025
30113.05196	1186.857
29075.94833	278.8884
27812.1006	264.6777
26654.22002	257.9157
25587.982669999998	253.1739
24604.32082	250.06380000000001
23693.704149999998	247.632
22848.05626	245.7546
22060.53137	244.3308
21325.28189	243.05610000000001
18279.94363	239.1291
15995.52137	236.98290000000003
14218.72724	234.62460000000002
12797.18317	233.19030000000004
8532.084207	230.13060000000002
6399.298967	228.7782
4266.356429	227.5287
3199.825676	226.86090000000002
2559.8893519999997	226.4745
1279.9729790000001	225.88230000000001
639.993248	225.62189999999998
319.998551	225.5925
