31412.22938	1169.3598
31411.31206	1169.385
31412.2949	1169.3577
31411.50862	1169.3724000000002
31411.18102	1169.3787
31411.04997	1169.4081
31411.50862	1169.364
31411.87151	1169.3871000000001
31411.6069	1169.3220000000001
31411.47586	1169.2065
31411.31206	1169.1015000000002
31411.707700000003	1168.923
31411.67494	1168.65
31411.833089999996	1167.8205
31411.03084	1160.5503
30459.67723	286.4631
29076.03001	269.9592
27812.1006	261.85740000000004
26654.224169999998	257.0568
25587.982669999998	253.40910000000002
24604.32082	250.8345
23693.704149999998	248.74290000000002
22848.027	246.9873
22060.53137	245.6853
21325.28189	244.4127
18279.947360000002	240.3786
15995.52137	237.98880000000003
14218.72724	235.5612
12797.18317	234.03240000000002
8532.084207	230.6346
6399.298967	229.12470000000002
4266.356429	227.7177
3199.825676	226.9743
2559.8893519999997	226.548
1279.9729790000001	225.90959999999998
639.993248	225.6177
319.998551	225.5988
