25296.27265	330.6618
25296.27265	330.6639
25296.27265	330.6618
25296.27265	330.6597
25296.27265	330.6597
25296.27265	330.6639
25296.27265	330.6639
25296.27265	330.66600000000005
25296.27265	330.6513
25296.27265	330.6576
25296.27265	330.66600000000005
25296.27265	330.6576
25296.27265	330.6597
25296.27265	330.66600000000005
25296.27265	330.67019999999997
25296.27265	330.66600000000005
25296.27265	330.6597
25296.27265	330.6639
25296.27265	330.6093
25296.12393	330.3489
24605.077260000002	283.6008
23694.16136	278.20799999999997
22848.26412	275.9862
22060.6967	273.8589
21325.60914	271.54260000000005
18280.063720000002	264.8688
15995.616849999999	259.3962
14218.827940000001	252.5796
12797.259900000001	249.72570000000002
8532.125320000001	239.4147
6399.322068	235.4793
4266.3667749999995	231.0798
3199.832108	228.97560000000001
2559.89306	227.7681
1279.973904	226.58790000000002
639.993796	225.8403
319.998609	225.63660000000002
