40021.205010000005	331.2813
40021.205010000005	331.2813
40021.205010000005	331.27920000000006
40021.330089999996	331.2225
40022.32167	331.07550000000003
40022.5876	331.3926
40022.64078	331.38000000000005
40022.69397	331.2855
40023.91727	331.26660000000004
40018.59912	330.45180000000005
39905.145619999996	325.9116
37621.5306	303.1686
35533.03734	291.3981
33662.52704	284.2896
31981.858500000002	278.9388
30459.340829999997	274.449
29075.8731	271.2129
27812.03095	268.2561
26653.860529999998	265.8411
25588.00423	263.69280000000003
24604.32082	261.6495
23693.804360000002	259.95270000000005
22847.77491	258.2412
22060.42252	257.0253
21325.312700000002	255.79050000000004
18279.86614	250.48170000000002
15995.538359999999	246.75840000000002
14218.68697	242.91750000000002
12797.174939999999	240.8553
8532.091922	234.6225
6399.30904	231.9282
4266.364957999999	229.23390000000003
3199.832108	227.8899
2559.89306	227.0793
1279.973904	226.14060000000003
639.993796	225.624
319.998609	225.62189999999998
