36172.25613	1068.2322000000001
36172.34302	1068.2847
36171.77825	1068.2196000000001
36172.5168	1068.2406
36172.25613	1068.2868
36175.51473	1068.2028
36172.65081	1068.1776
36172.99837	1068.2196000000001
36173.82018	1068.1104
36173.12503	1067.829
36174.77606	1067.1822
36171.379969999995	1063.2825
35533.05143	321.4848
33662.52704	286.7865
31981.89735	275.99250000000006
30459.31003	269.4972
29075.96202	264.9318
27812.07451	261.24420000000003
26654.18549	258.4365
25588.02249	256.0824
24604.32082	254.1609
23693.84507	252.4095
22847.84216	250.7946
22060.42252	249.67530000000002
21325.473599999998	248.4657
18279.8997	244.0179
15995.52137	241.02960000000002
14218.76607	238.21980000000002
12797.20874	236.4999
8532.101262	232.07100000000003
6399.311759	230.13060000000002
4266.364957999999	228.2532
3199.832108	227.304
2559.89306	226.7307
1279.973904	225.99570000000003
639.993796	225.62189999999998
319.998609	225.6072
