5.870606893803546	333.4789906133333
6.017478884462152	333.56871636
4.619461354581674	336.4008130966667
4.860175298804781	337.52630818000006
5.573572424785813	335.73015764666667
3.1691412631998404	337.71017905
4.542342629482072	334.6299397833333
4.492634262948208	335.82397461
7.056662948207171	335.31504975999997
5.900368997808328	335.8734711133333
3.934202390438247	333.00049110333333
3.3994836653386455	335.06908465
5.757212410501195	335.94904794666667
4.173197848176928	336.6607372666667
6.842415936254981	334.94936713
4.1561872883044435	336.7498644166667
5.481013545816733	335.81805746333333
2.9300270916334665	336.88815529666664
3.514900398406375	335.34668591999997
3.3885067729083667	336.77415677
5.035023709902371	335.4023363133333
4.332706913727834	336.9935918633333
4.267112970711298	336.05267007333333
3.585045626618848	335.0141253466666
5.401434262948207	336.37248386666664
12.043129880478087	336.19679471666666
4.925348207171315	335.9919230166667
9.155277146842002	336.8643049
11.984832038254632	333.78183772333335
5.695298665072723	336.51415363666666
9.696401673640167	336.5171173466667
5.18556812749004	335.48761685
4.417822744473212	334.37366226
3.957339709105399	336.33735053666663
15.200981673306774	336.07287837999996
3.6076158597330146	337.2795114566666
6.019722709163347	335.27089589
3.5750374501992037	336.26598598000004
4.369546124726041	336.53319494
3.9900984259812713	336.7552884
5.338020717131475	333.39993993
76.28922390438248	337.45750141
43.83674900398406	337.72031753666676
