44146.97823216529	1324.0954298733334
44131.24469214438	1322.56484077
44109.033853664994	1376.9617526666668
44052.85574474294	1399.3676215900002
43886.489383428925	1398.4847952733332
43815.40921737977	1387.8494995733333
43712.92094910839	1344.35636266
43689.84514200505	1333.1991401066668
43700.66122717623	1344.597682776667
43709.271383876796	1330.4945187933333
43695.669991507435	1340.2735603666667
43729.89881528662	1329.1062527266665
43662.89231394619	1335.8653800966667
43589.030660654265	1217.8525251600001
43606.30031986197	1238.2610391666667
43637.51741613588	1306.4799173600002
43601.550917403045	1219.5505226333332
43598.19123657841	1196.6497918633333
43498.91031861749	1190.9613302233333
43481.77012079467	1179.64747324
43585.13053195476	1175.87920408
43527.052825895575	1159.6967366400002
43576.11753973395	1154.8917354866664
43566.32503974668	1136.37532656
43542.16321932457	1115.93003204
43483.90137786182	1083.5600608500001
43464.20923828488	1055.6338025833331
43455.624339239504	1014.27614278
43528.137621187794	939.6492509666667
43006.096280366386	740.71358495
41023.52518906595	513.2422714133334
35665.28835272245	419.50821333000005
31523.332173173974	399.7486194933333
28303.26261673307	381.89113104000006
25708.084011723357	371.88054637
17505.105800442394	353.92419836333335
13210.132825498009	349.9878452666667
8891.695031075698	346.10410084999995
5279.334739973439	344.38111944999997
687.2033618591515	339.4878828266667
284.8732848679401	339.4034992566667
66.26070850767084	338.5193371766666
35.18420398406374	336.14295089
