5.2008159362549815	336.2805811233333
4.807040255081706	336.2494133733333
4.001970113568439	336.19036823
5.818799442342163	335.99346911333333
11.50556812749004	336.71425174999996
5.332895617529881	333.06546654666664
5.6158820482167755	334.07200057999995
5.572474900398407	333.1513694166667
3.764459852560271	334.83949421666665
5.485182470119522	333.7410960033333
6.302011155378487	335.0343137566667
5.340787250996017	336.0392812566666
4.935383144052599	334.74905495666667
6.796032662816173	335.3187554666667
6.796287592113125	336.9762992733333
7.303802390438247	335.0352614066666
10.103075697211155	336.1312555433334
8.122262948207172	336.34410849333335
7.294355378486057	336.65401805666664
6.34982991435969	334.25043738000005
5.591572908366533	335.43157470333335
8.332149800796813	335.78508479
6.906937636979477	336.2537274466667
4.62795219123506	334.48244428333334
5.818631599920303	334.22459642333337
4.5510261008168955	335.3216846733333
6.656433466135459	337.33280005666666
6.136924302788845	333.34852551333336
5.254487950607449	337.16761229
5.872560956175299	334.59999293333334
4.916398406374502	336.9261694566666
4.354473799561665	335.85250253
9.106894023904385	336.73353477333336
10.121383266932272	335.4992398233333
5.376025498007969	336.33733283
4.252958756724447	335.63938665999996
5.867486852589642	334.56702261000004
5.9100896235809595	335.8630852366666
4.697396015936255	336.6721123233333
5.096019123505977	335.3152415066667
4.2839067543335325	336.85460123
4.161045626618849	334.67534204000003
46.56439290695357	338.65682595666664
