289232.3286021428	942.5061640133906
286555.7152587202	820.479847166142
281275.4994433414	722.8436425675525
274357.2838361347	647.4366557103323
266766.6711172285	592.0979920871912
259469.26396675178	554.6667571908404
254895.41973911953	531.5467302434629
253094.40992125968	535.5629660407162
252954.10527614513	536.815264177115
252849.56826521808	535.4166942665632
253697.5326864184	537.3672053439059
256568.64985481638	549.4386184652346
257390.39712302558	552.505329847251
255191.17079590526	545.2111628403201
251430.0356378326	531.5086679204327
247890.46845728214	519.257311858529
243340.2989201601	504.50380074398737
238173.80415236237	488.3420260390456
233177.77077458802	473.07753066909993
229103.30859839142	459.97976770427084
226320.76713425975	451.30544101617454
224179.91058292123	445.67864767141145
220446.58171628005	439.4336315921418
215022.61319098473	433.62972058782555
206748.8695993749	425.1409115206927
192525.7747777104	412.0428377230003
174528.70304903382	396.39551139414635
153941.62061248173	379.7745888878293
132792.79946801	364.5107685645503
113193.1290005731	351.9526175694454
97692.7464387531	344.4140998883381
84660.3516403804	340.02223934490377
72827.48554077298	336.1480066200281
62460.415120424346	333.300610238241
53142.43015416033	330.9745276959216
41577.61105182383	327.7318810279496
30623.659749569513	324.8309083827321
20272.183220307576	322.13518270430546
10896.697447210656	319.6976718460684
3637.566988311903	317.83100447851007
-803.8646261921087	316.6978200514412
-1726.2538661048125	316.46075801467344
1571.7427987703445	317.2824578180184
