257084.00812365074	1362.2547109038105
257479.70631953792	1242.9861336826918
256869.56728261	1138.7426882267403
255511.15964244318	1049.3537603951686
253662.05202861386	974.6487360471906
251579.8130706991	914.4570010420225
249746.14644628385	866.1025817510746
248333.4488703328	847.6387784693223
247233.31235953726	832.0032193592251
246268.91220888053	812.9280883759811
245804.03321938854	805.9841921830521
246134.45943137963	817.6894291795671
245934.9439320047	816.5958887766379
245713.34937671886	813.3429591100256
245237.97555365958	807.4508206500178
244644.94923622967	799.8340789221584
243897.17604849144	790.0482954594698
242821.1998791069	776.7473781744
241562.50159747427	761.7191186178771
240261.300268513	746.7517010902545
239539.4605485389	735.9690263760353
239028.3876137513	725.713627879291
237897.31900890815	712.035851064147
236247.48864281437	696.248527264143
234662.19762171633	678.1247487769751
227754.05729159102	644.9280277499626
216779.20108299336	601.4743121286999
201291.05053825176	550.3162069573091
182458.37380113802	498.6989127969786
161781.2845015864	451.56008660303524
143013.18123170463	416.1199865289675
124171.62704194625	388.41190708293016
106197.499812434	368.46905555325264
90171.05357932554	357.82981116394416
76654.68517001896	354.38574792411123
59964.93954179105	345.70358661901804
44137.9815488897	337.94672231442985
29173.91203844146	330.6603642103622
15643.623072491608	324.1813381659207
5174.850046382247	319.2927059060663
-1219.3302019606165	316.36377776721423
-2525.840834611117	315.7638640857806
2268.3949863566113	317.8622751981815
