267313.1730702533	1209.7809836632623
268246.4806090008	1058.0333873108038
266578.19581821444	933.6138427118183
262957.77758580097	833.8761323962337
258034.68479966692	756.1740388939784
252458.37634771995	697.8613447349821
247360.871859006	652.0788073799004
243045.9080747909	633.9329151157941
239764.10009854025	617.5017216886573
237313.03734654162	602.9624071773948
236182.4109141306	596.0914234516293
237127.27626835683	604.5180464725657
237275.8675483989	606.6457492430126
237512.48103232947	609.1141698393878
237851.65812117286	612.3262364442403
237758.8478351459	613.1016852925424
236958.5668871062	610.4025245280282
235581.30624065784	604.817154614283
233956.67998534796	597.2921536955649
232080.476870487	588.8929830739761
231422.3143112108	584.1989424346674
231131.10873297992	580.7424371672238
230038.23103994792	574.9157639229696
228870.59769720706	568.880016154069
225855.07095025282	556.6329864211864
216474.0048486118	532.4970477612562
202418.55108508578	500.43651872410385
184156.7072724222	464.15376363061887
163173.8159896704	428.2260862192163
141367.40379078	396.76945510493107
123064.60865012684	376.1493810550903
105767.25661353084	360.94908216572736
90287.99577259822	351.2873002833615
77525.17411830045	347.4791351021843
65908.92616451255	343.71539131581676
51552.37177556661	337.4586735798922
37937.09278338378	331.90519950948817
25127.083964356865	326.7492797304515
13498.537936518658	322.16687189586224
4494.651219558833	318.6892640634146
-1013.3773654911806	316.6020360009747
-2154.348997599925	316.19076747640975
1942.935144264041	317.7410382575868
