274787.807818768	1071.14367510078
276611.4216503717	950.100557758205
275127.8551653064	850.2989477708122
271340.2059807427	770.7875516034288
266251.57171385124	710.6150757208821
260865.0499818034	668.8302265880009
257803.8193978734	648.1705539706271
256615.60491570423	654.9346394258721
256486.8630861604	658.1686367464782
256733.97631512166	659.707275806249
257336.19614874534	660.3035568644657
260727.80220183817	687.3293539456973
262981.0979860067	700.0057322704837
261741.3583319502	692.7427965280283
259128.129442523	673.0683876192792
255777.2788522772	654.3722783896598
250982.12813337406	629.7490262118508
245222.99950145077	601.8900272889059
238970.22160266782	573.5606744410387
234175.89356462262	551.2571301633775
231799.12968811023	539.8136335483308
229881.35579268032	532.0435418886416
228106.7878776915	526.1906766104443
225893.55626070485	522.7576614607278
220686.19173796737	511.171537739271
208472.99966948826	487.9914440631947
191704.06678071056	458.69221719546334
171201.19614264756	426.3991346237307
149132.21542529354	396.5032644356848
128395.83147450852	374.9171535214345
111384.5783900706	361.2624861811897
95570.08013321507	350.77969001138786
82309.22409796328	345.5008410726738
70630.72375830218	341.78723534321375
60041.1828317442	338.2615665984081
46947.424582848944	333.3362344748106
34533.49197595299	328.92562799719593
22846.733736088197	324.79017779586337
12265.839330522369	321.1003103151941
4078.7843692967554	318.29051725374296
-925.3628982715583	316.5994577992926
-1957.5342228655045	316.2657911396267
1771.3386448319711	317.52817646252873
