288567.26756548334	877.3414375403953
286714.2390940107	778.4966595420391
283591.2166878062	700.7922854024978
279679.9383323362	641.8778116657786
275462.14201306703	599.4027348758893
271419.5657154661	571.016551576839
268749.01049206214	551.8282884654559
267659.3398605624	553.5895534688865
267306.4234458097	552.1101019979931
266673.1645814207	546.142322074683
266440.0884681439	543.3328793160815
268084.2993835246	552.4735897924646
268902.442399509	554.8332660574491
267723.66334663134	549.6501524725695
266615.8087241573	542.5781010416525
264226.66656068305	533.8296101750519
260422.1133207291	520.8208110982298
255803.20182378523	505.2270955886493
250547.65400281482	488.8409867321924
245494.49357657845	473.1527968870914
241291.84421006835	459.6564362710307
236089.89096049173	446.2172311555605
228675.05617914358	432.9398473267299
219225.35234211138	421.39534725228935
206928.8169806336	408.75836349998167
188990.33158221698	393.2724122202303
168124.78185475298	377.08267254301967
146245.9935804481	362.5563624089908
124926.92228677259	350.85531984189686
106273.06998461376	342.86259940993494
92456.95588869498	338.31421587014074
80032.58010347445	334.49666385202113
68909.60936752323	331.53866711478344
59262.639083736394	329.48400342307
50476.30959322913	327.6816804993909
39502.32862632338	325.24559733930937
29126.981189272967	322.99143939320993
19325.325922223437	320.92131599794567
10412.471118064816	319.0529724993666
3501.013079841712	317.617204232764
-736.9219682121297	316.73731144730743
-1629.2078018629609	316.53659439216744
1496.2818031229262	317.1383533165147
