282977.49153456086	1001.840787693845
280459.0662718494	858.5919496379131
276048.2309878264	750.2458909222646
270501.41251210764	672.3140903426687
264575.037674309	620.3080266948946
259025.5333040471	589.7391787747139
255957.6969162635	573.8093388751686
255420.80754288452	585.1718580152775
255377.3353324588	584.5713724008758
255584.17441276935	582.231413901136
255936.05719274134	579.98587957762
259828.36863555797	599.928455250639
262469.1334388226	610.5474733377134
260847.87030213967	605.7029369759068
259613.62404519814	599.2521370643528
256089.35416541147	587.6388915298539
250133.20322669254	568.4632335945624
242414.9979911197	544.3393678390573
234226.9315055672	519.2495399447566
227650.7203848233	498.70583238679234
222732.50931745066	483.58033094190495
219683.39218795454	473.9415692250168
217478.9688373266	468.3892623922934
215385.87632758362	465.5496149569126
210789.0372527499	459.70995257720017
198500.5591945335	442.9795570540571
181684.63748075766	421.4533825844883
161434.86498606057	398.03181094598773
139992.06915394607	376.6158235824641
120021.2729353337	361.15533322709103
103412.5806439129	350.72538280171034
89115.24444407069	344.45850055348194
76702.58780179551	340.128682513781
65923.43756065461	336.8416588579264
56053.77460244996	333.9978380628797
43801.76326378681	330.0433311387888
32265.97107446304	326.53906926833423
21378.229657378426	323.2177671078408
11500.173278991482	320.2715189074979
3849.318452631792	318.0251119581097
-835.7892172305839	316.6695930906212
-1816.6041261256823	316.39600913597855
1645.4193304164874	317.3954069251277
