42918.75871337579 593.8856672285714
42931.54612253453 600.291527184127
43030.36256522882 616.3727283793651
42906.269857424006 629.0312992111111
42784.474575700275 615.8313394968254
42781.88347436153 618.1290191904762
42612.61928308592 587.5116520698414
42602.74705767848 589.0199761666668
42630.20973671495 588.6040881555555
42625.22218806822 587.6715959095237
42534.97764118896 587.0911801428572
42521.9276159051 586.1358960126985
42597.46411705857 584.7808363952381
42479.8805388546 529.3452834158729
42516.754816908884 533.7159886079364
42565.46107643312 574.5243478920635
42501.90653631796 522.3479726968254
42422.63390092116 519.2261991253968
42396.70915320446 514.5904942777777
42454.86944375871 511.7342509492063
42485.14310525418 505.981950820635
42468.473271446586 502.9012013587302
42446.901732563536 497.2677658587302
42437.6751769126 492.8871774555555
42413.86319220194 481.20064586666666
42353.62709456501 469.7879770809524
42410.9528527811 454.2888782809524
42435.64268153459 439.05237976349207
42361.533036157154 400.97400069841274
41990.930234686006 309.3053039904762
39743.337880478095 214.2522331031746
34636.57773776804 171.0237925015873
30660.63813919726 162.10300144761905
27598.601425763616 153.61083154761906
25026.068415222155 148.807362784127
16935.356171049138 140.6851725031746
12840.75178495408 139.2835694190476
8618.724682452796 137.4441708666667
5163.585134661355 136.05633407301585
665.4054905710492 134.36994758888886
279.6056011157602 134.16209374603173
62.37309554370683 133.53071560317463
52.13267250996016 132.21750469523812
