49013.926678611715	1327.0540962366667
48960.84321868364	1363.9154511999998
48869.97474225847	1462.04820054
48844.2797723383	1495.5017607099999
48745.033312101914	1511.1389684033331
48702.797847133756	1502.89151379
48632.79033485843	1457.2213119066666
48649.13904458598	1452.73008416
48578.778989384286	1456.9683299400003
48634.1193148922	1449.9329018833334
48523.48918660033	1454.1763642766666
48651.70251144278	1444.9256900633334
48603.58024203821	1451.45276322
48432.41880679406	1346.9214459966668
48425.69864808548	1342.15739791
48579.582115024874	1441.0328868633333
48409.48432762511	1337.3842175166667
48521.2515187471	1318.1777095433333
48441.72756679275	1310.9776489000003
48336.31460721868	1300.04396113
48453.33250089588	1288.8089467166667
48412.15878556263	1275.8713184033334
48440.86173248408	1263.7152306033333
48409.4293842989	1248.6321420433333
48404.71212263588	1218.9906084533334
48499.621309969465	1179.1353700466668
48367.18202681534	1134.0685111866667
48490.80434355503	1069.9272380566667
48292.85398552745	920.0709951133334
44812.91271698865	508.46914034666673
41622.1240687778	457.23810997000004
36176.94761646747	411.89746228666667
32141.797980216423	393.0249610666667
28884.910861088978	379.67013913
26212.0760435591	370.62017421
17735.245503885235	353.22818452333337
13412.446376626827	349.28114774
9043.388306302717	345.1012436833334
5400.335859760957	342.51334161999995
707.9453067729085	341.39234402000005
285.7416250249053	340.11579851666664
67.71475378486058	338.10007500666666
36.07531699541742	337.65000908666667
