48014.29607218684	1318.561680023333
48021.20481953292	1361.76254593
47948.9979447983	1443.49921172
47951.12365638474	1475.0421974533335
47797.66491913764	1489.2509594066667
47894.58200199004	1484.7590953899999
47760.28523409618	1441.3923639866669
47677.50892144374	1438.33673403
47750.2469816252	1439.3208565333334
47723.841591723045	1434.5049192866666
47763.42723714759	1427.7812626033335
47758.793853665	1436.6884479700002
47748.40643312102	1434.5070468300003
47555.993015594926	1326.3972411866666
47628.820713252375	1326.6930025566664
47591.6988827394	1423.4191165366665
47612.595061571126	1312.81563101
47665.09525265393	1291.6384827633335
47533.80345663282	1283.3011282733335
47623.59650106157	1272.4438293466667
47581.05608918973	1261.4513248466667
47647.899278131634	1249.3442159166668
47549.66990138695	1236.4281197733333
47483.736170416094	1221.9607881233335
47502.13913278917	1191.88789583
47490.30761855465	1154.5364876366666
47504.24246014998	1111.5043416199999
47600.70301041875	1052.3902443833333
47614.61174002522	915.9510510266667
44617.55252791608	539.9776568266667
41520.99656839309	471.30978204
36146.960046746346	415.05734924000006
32279.105678953307	395.40662664666667
28942.464913496646	380.7385206266667
26326.04502098274	371.57979722
17783.978925896416	353.46519427
13518.790374501994	350.1912006533333
9068.547225498009	345.38925265333336
5456.13698804781	343.7195223666667
705.6423904382472	341.1719206533333
301.1093907152819	340.95385360666666
64.97562064156206	339.09098206
35.0583203187251	337.82736645333335
