42354.21766898839 591.5918316396825
42355.66159872612 596.8563231492063
42395.09437636488 613.7741425650794
42345.32715752236 623.1606240809524
42220.91444197611 606.4419648777779
42182.93893476474 607.7500016031746
42005.35782130227 576.1930579047619
42082.62324811261 575.8139906539682
42025.58741189882 575.5144614396826
42046.951023354566 572.2366537761905
42036.07063890013 574.5302062619047
41966.23915309229 573.6619065682539
41993.47769046843 571.8044005238096
41977.367271893985 514.1919119809523
41876.64585666106 516.3187203825397
41999.169220566 564.1444740698413
41935.429835556446 514.1674985555554
41960.34346680937 504.0258675968254
41907.28141221005 498.38424617460316
41871.047298733276 494.7200577666666
41847.03077033671 490.8662158238095
41871.553641014514 486.2810365650794
41884.331727742545 481.86054372380954
41874.20531369036 476.395284163492
41838.82024712987 466.907872131746
41872.29590694748 453.5028575269841
41854.67005961474 440.0520241523809
41915.53749741139 421.5429341904762
41775.72772913763 381.19630215714284
40939.330974390534 272.1136664968254
38669.65578539177 203.82876185873013
33744.97595198797 170.1812589571429
29916.808374427404 159.65005047301588
26913.928191235063 152.64915970952381
24459.00639819425 148.5897089174603
16656.16147038513 140.70766924920636
12566.1727846393 139.86659512063494
8450.613171845951 137.7674515015873
5051.265242020053 136.26159779523806
653.4421604964085 133.4291165253968
276.0363687399833 134.33387205873018
61.01606950861627 132.66418144444447
33.29550587766487 132.76135046984126
