44146.97823216529 602.5216332730159
44131.24469214438 601.7927813190477
44109.033853664994 627.6960726984128
44052.85574474294 638.3655340904763
43886.489383428925 637.9451406063491
43815.40921737977 632.8807140825396
43712.92094910839 612.1696965047619
43689.84514200505 606.8567333841271
43700.66122717623 612.2846108460319
43709.271383876796 605.5688184730159
43695.669991507435 610.225504936508
43729.89881528662 604.9077393936507
43662.89231394619 608.1263714746032
43589.030660654265 551.9297738857143
43606.30031986197 561.6481138888889
43637.51741613588 594.1332939809524
43601.550917403045 552.738344111111
43598.19123657841 541.833234220635
43498.91031861749 539.124442963492
43481.77012079467 533.7368920190477
43585.13053195476 531.9424781333333
43527.052825895575 524.2365412571429
43576.11753973395 521.9484454698411
43566.32503974668 513.1311078857143
43542.16321932457 503.3952533523809
43483.90137786182 487.9809813571429
43464.20923828488 474.68276313492055
43455.624339239504 454.9886394190476
43528.137621187794 419.4520242698413
43006.096280366386 324.72075473809525
41023.52518906595 216.40108162539687
35665.28835272245 171.7658158714286
31523.332173173974 162.35648547301585
28303.26261673307 153.85291954285717
25708.084011723357 149.08597446190475
17505.105800442394 140.53533255396826
13210.132825498009 138.66087869841272
8891.695031075698 136.81147659523808
5279.334739973439 135.99100926190474
687.2033618591515 133.660896584127
284.8732848679401 133.62071393174605
66.26070850767084 133.19968436984124
35.18420398406374 132.06807185238094
