36302.799906209926	1262.7599965233333
36358.21834851481	1255.9747216
36364.72231770335	1243.1233534033333
36356.38297719873	1196.5760911133332
36392.831936293056	1132.7825827233335
36391.16861331295	1124.7477758666666
36432.37415896033	1038.6088378033335
36394.30570029347	1031.08791226
36434.875033748736	1039.02948017
36385.66812978409	1028.86037951
36439.57960246067	1029.85950631
36348.85819936694	1026.0174475233332
36404.478485596715	1020.25215957
36441.38710208416	943.3392438366667
36395.91304724247	951.9650017099999
36381.984328359606	1003.11696867
36398.40191333201	905.47082911
36390.050884042925	891.4355408266666
36444.31312965546	882.7127787766667
36338.233442110504	873.23140226
36421.557234445434	862.7717146866667
36375.16022332477	853.1789123
36371.19187149874	840.8425800466667
36378.92175551604	829.16610472
36340.72879589832	801.5126360766667
36324.209553991284	770.4142695733334
36230.187144659096	736.4655788800002
36168.479913015915	697.0965913733335
35730.33376908046	597.56140728
31733.857296148744	444.08920761666667
29522.895422045156	420.5485561133333
25787.353461885792	394.21301477333327
23035.367734512973	382.30689968999997
20726.176397343963	373.0578861966667
18799.8761625498	366.42439511333333
12810.594377798892	356.72744037
9707.299909694555	350.77999905999997
6521.468564327588	346.92978438666665
3912.651969225469	344.60281446
515.0138338314405	341.6222613033333
215.20660398406378	340.76784178666674
50.15431709378887	339.02371956999997
27.93196029176778	336.77998483333334
