55304.321935920394	1329.2626122833333
55416.370199323654	1331.54562016
55542.434919119594	1364.3800236199997
55394.858042835345	1394.6148149300002
54925.55072369206	1426.29965191
55246.72740534447	1429.6509863600002
54407.66530389232	1447.9582338366665
54013.81843754972	1450.9812839333333
53989.09861999471	1455.0772881333332
54021.527654203135	1455.90911566
54484.23272765845	1454.3655810166667
54704.22997070326	1461.10350426
54527.387922566966	1460.322827656667
53717.54534738517	1432.0968524066666
54232.46164518696	1429.5884341433332
53231.35325936236	1491.7262394666666
54084.6397538135	1438.4761509133336
53137.92433200743	1446.33712586
53533.46027239573	1446.2288896633336
53678.86036382923	1443.5568370366666
53761.99819534514	1439.7273152933333
53639.33220472024	1437.67995137
53968.17709850746	1428.2947321700003
53533.59614455274	1424.0090040233335
53553.1541218752	1404.1618515166667
53086.47324048283	1369.62640867
53593.23917124288	1321.7163890166664
54842.24181668657	1245.01832034
55770.54294437808	874.94571706
52339.45262710739	550.3404176666667
49158.88430916335	492.80738228000007
43799.03607755645	432.2743771333333
39418.27464064263	409.09845169
35543.952646883095	394.2289498266667
32366.065674369194	384.4845963566666
22326.869694555116	358.9845929433333
17075.0339059761	349.4255208633333
11496.620306711811	346.64343969
6981.646406374502	342.39569186000006
900.6684423191871	341.29689792333335
376.1129276748356	341.33925957
80.18229800796813	339.46171254666666
44.21391754630552	336.31418936
