43591.031943293725	626.06968877936509523809
43554.35969400513	630.45128747777771428571
43568.402032611746	651.19205470793652380952
43445.40709784411	661.11987248730171428571
43270.472211992266	653.81914902222228571428
43326.63156112768	651.51936613333333333333
43135.6835354968	627.26403616190476190476
43172.62130437198	623.42447545079366666666
43130.22895434293	624.76594488730166666666
43073.99822300049	623.73448158888885714285
43121.54035408125	623.35804543174604761904
43150.42035031847	625.04515618888890476190
43123.13144100027	620.44522852539685714285
43064.5498840575	575.12213808730157142857
43037.434376800054	576.36027844761914285714
43079.51625099743	609.39033021904761904761
43083.03731741738	569.68878677936509523809
43021.253556562435	554.31915923492061904761
43022.04725610319	550.64908448412704761904
43063.381855521504	547.15606900317457142857
43019.17321287344	542.03544870952380952380
43059.4108939082	537.67539433492066666666
42946.871048430294	532.42506832857142857142
43007.77533002771	527.59621332857142857142
42992.94360607871	515.88481737301585714285
42989.9963943153	503.50041269047619047619
43022.02800114287	488.40059269206352380952
42979.4466977403	471.54631438730157142857
42972.24959915023	431.36298370793647619047
42402.09933426277	330.79000730476185714285
39971.01536042497	236.43035838412700000000
34828.90376543246	199.41239796031744761904
30995.651827253452	188.75938115238095238095
27823.87692424841	181.36143694761902380952
25283.632399468792	176.81256617936509523809
17140.08133327512	168.54734118095238095238
12981.418514323985	167.07667427301590476190
8709.067318990703	165.45677768888890476190
5223.626243704093	163.51818784603176190476
676.9915026897788	162.16422573809525238095
279.3254523725018	161.68239504126980952380
63.60928833397234	161.24654047777778095238
35.30581048212769	160.62017892380952380952
