51940.22085600637 616.2425741873017
51669.1426446522 615.1543489285714
51836.74828565745 629.1775001936508
51707.39131251243 638.4841474460319
51415.238109785205 655.4408257095238
51944.00638557412 656.0799986460318
51239.8689360122 660.9114799079366
51133.26036985485 662.2341666523808
50704.51569132857 665.865159563492
51378.43300981173 664.7306701809523
51240.11269583665 666.2489263603175
51013.928057798104 666.8854263460317
50988.63653211374 671.7021684396825
50999.46470644391 669.9039923492063
51036.50540571353 671.7176327968255
50484.92398621055 686.0902470015873
50907.55954813047 672.440438279365
50423.61242322992 674.613381152381
50754.84584291112 674.0060509761905
50575.13179527977 675.3312310873016
50712.32154017503 672.889949068254
50279.08923729938 673.6011390428572
50618.531302445816 670.2575651333334
50739.86455009615 667.3774778396826
50694.72222328295 656.936251652381
50541.00630568264 643.1929027253968
50792.75433512367 621.9071417285714
50669.314801432556 593.112418184127
52006.38421970149 511.3202263650793
53024.284117350326 242.19730343968257
49887.97078778221 206.16746713174604
44280.83851049137 176.82830188412697
39586.72926880435 166.07271598888892
35773.648976555756 159.26748703333334
32526.410915222732 154.83758247301586
22440.524196547147 142.70381985873016
17083.39526799469 138.5486916650794
11505.784220407622 136.41854883492064
6967.465965331739 135.47948838412697
899.9103107569722 134.43347169682542
374.1476724447101 133.47420226349206
82.55233784860559 133.27455536666668
43.663349800796816 132.2293713031746
