46696.673673036086	618.69105277777776190476
46662.74089817578	634.29621485873028571428
46684.60526754634	680.40689455714280952380
46599.87409666571	689.69790187301580952380
46378.70083957057	695.23905615396828571428
46461.03518885572	686.91867802698404761904
46198.65875940397	668.57727195873028571428
46245.48193008292	665.38634406984133333333
46138.745945603194	665.35548202539680952380
46141.08054306481	661.29016279841261904761
46260.13466878981	665.25299980793652380952
46210.68216135881	660.05327373333319047619
46206.551422505305	665.48561679365080952380
46046.27152977028	610.50278305396823809523
45991.65249212763	614.08375880158723809523
46155.68514122719	656.59141048253980952380
46016.77488459752	607.01263805714276190476
46020.994815290884	600.63455595238090476190
46045.771692348535	599.58720833174590476190
46014.57871840447	593.36531843174604761904
46014.185851217735	590.81565718253971428571
46057.012484490246	583.42466971587304761904
45888.18518335656	579.68015448888895238095
45983.147295746574	571.64971922698409523809
45959.23013338643	559.16249838412714285714
46050.008240493735	542.17234053968252380952
45990.73127200319	525.09608736031752380952
45949.49434190828	501.47531512380952380952
45899.69727012693	448.15238794920638095238
44464.875616278296	301.18224121904757142857
41605.74699860585	231.27033111587304761904
36280.02155431607	200.52111404603172857142
32201.537922643838	189.79007573333330476190
29073.3009591949	182.45871261904764761904
26318.19850622393	177.71547182380952380952
17961.927202014638	168.88309195714287142857
13580.186626294822	166.96853971269839523809
9116.692126932689	164.73939672539680952380
5472.715289243028	163.40961507936507619047
712.3753990834828	162.52275366507938095238
295.42074378905977	162.35483779841269047619
66.57453811420983	160.63201252539685714285
36.52940239043825	161.10626812539680952380
