46006.43169845378 589.4747565619048
45944.12066135268 610.1128578079364
46012.20461647811 646.092468368254
45926.4063555103 660.6167419730159
45724.60668868058 647.4767405269841
45842.59074759535 653.0664902555557
45597.79785446102 620.1133138634921
45588.86363617285 618.2504426380953
45493.87769592124 616.3390682111111
45575.927645435244 614.5532002920635
45577.878875886854 613.7891266174603
45519.546661035805 608.9407853682541
45565.52500614886 618.3697036111112
45417.22363209238 562.745169188889
45349.19681648241 561.9866221444444
45521.36764097334 618.5150966111112
45379.87821985159 550.6073908000001
45339.977028159985 487.73520735396824
45355.76985865021 482.0969025555555
45389.8053046595 476.0469514142856
45374.18951413129 469.6070736698412
45383.09630339852 462.4857724460318
45307.84806954676 455.4237878333334
45374.82301977963 446.4215599634921
45320.49715332536 427.5467397015872
45344.99570189201 404.2923556238095
45268.78846636194 376.9380474
45253.51902808205 344.6443547698413
44496.973650585234 279.33255576190476
40937.17584438691 204.21197948730162
38411.04422629482 185.67435948095235
34054.78949540429 166.40263676031745
30585.96408605578 158.26093963650794
27791.46777963195 152.8101876412698
25198.69818857902 148.43435726349207
17446.19159415671 140.49593025396823
13263.818838778221 138.8672021746032
9026.962139707835 136.95895125555555
5420.503919256308 135.52565782063493
712.9429345322833 134.69791542063493
288.4103541131402 133.64222963650795
69.78419232859358 133.93641767619047
37.344568510576146 132.69417248253973
