51231.10200849257	1368.0756268533332
51047.953014861996	1402.8639728633334
50965.10511124378	1491.9412255966665
51032.02136304549	1523.5110814466668
50993.579664543526	1536.6602417433332
50948.64483883804	1532.18365897
50962.73981134327	1470.1686837066666
50997.94230997877	1461.96422435
50983.61477707006	1478.5431430633334
50871.776726114644	1462.2975675133332
50780.87101346599	1464.4375706533338
50885.76919320594	1458.7496709366667
50854.74639915075	1466.19326525
50937.362612006626	1363.00572668
50826.379301612586	1356.8418442133334
50853.991244161356	1435.3241374999998
50890.51540552017	1334.35712255
50831.33965180467	1307.3007510333334
50842.89972823779	1302.0078393000001
50809.98066242038	1286.3031008066666
50848.20114407061	1280.189163463333
50957.60398593139	1263.8349208433333
50811.391757865385	1255.4783873466665
50904.72109469772	1237.7430611866666
50973.72218876941	1209.1898795333334
50808.39761629836	1166.9077250466669
50940.361551795075	1118.87858425
50904.70703730254	1052.7781366133333
50819.20569228726	902.0686308199998
47695.37535524132	523.6281890166666
44555.6566183267	470.48374785666664
38796.378895040834	422.1895367866667
34787.07213176596	401.88968406
31141.29570677291	386.19306708333335
28269.40112904297	376.09506504
19293.053640964336	355.1190047366667
14609.473410889776	351.09425106333333
9829.767496414343	345.9142937066667
5914.691361487385	343.20534814
768.0879426294821	339.66759979333335
318.89721245932117	339.64818737666667
69.41555528989839	338.0638206433334
38.51935445307829	338.34440158
