38801.82043236019	567.77429369365076190476
38842.12672002113	578.10518318888895238095
38856.732969165	613.15044179682542857142
38789.83279027007	603.11169528253966666666
38739.31465769479	581.75525255555547619047
38716.913111686255	577.86989856190476190476
38731.85389970837	538.91747125396823809523
38706.92515123764	537.22509610000000000000
38737.91465923419	539.50216277936509523809
38725.46206871394	535.05167863333333333333
38668.69082115602	535.72924699682538095238
38732.48587614003	533.02191011428571428571
38692.15572162007	533.67238243492066666666
38710.8378260004	483.00440508730157142857
38659.63441740171	477.90722636666666666666
38686.82471511049	523.38534592539690476190
38732.92532802336	472.95758207619042857142
38603.5889348076	462.10177764761904761904
38651.46750776583	459.98778566190471428571
38620.0401459232	454.27535796825395238095
38693.05554334263	451.79747244761904761904
38659.512797614494	445.85205181428571428571
38661.55300833687	442.48659754761904761904
38699.02147245453	436.15319632222223809523
38654.45256035569	426.10515731904761904761
38646.694358110275	411.30960852063490476190
38586.573616885704	397.56773149365080952380
38598.280595778575	378.65788810000004761904
38529.25643815973	343.24833262698409523809
36242.52610959643	234.33971861587300000000
33503.300281540505	209.89718924761904761904
29398.930511553786	191.90725449523804761904
26153.457140999446	184.95628265873014285714
23459.751311553788	179.48583252698414285714
21328.830596395605	176.45638045079361904761
14489.904250774018	170.92799292698414285714
11007.692511022577	167.78586783968257142857
7387.796757955467	165.63062856031747619047
4444.446579432684	164.29986695079364761904
574.7497155341972	162.34006782063495238095
248.58539601593625	162.48465214603176190476
54.37693702767104	160.88502056190480952380
28.820589641434267	160.45394698095238095238
