36962.73009807001 568.2212063634922
36983.575930157276 576.0693078904762
37041.69779684767 568.7280545206348
37031.7123481632 557.0203876968254
37002.855948512 523.4381910904762
36952.53395907714 522.4455551015873
36972.047373512556 475.37917454126983
36980.60449752314 477.2408621555557
36979.16751143039 474.06536202698413
37002.47515957616 473.28480397936505
36940.62530760026 472.08463032380945
36979.36911440977 472.5653520698413
36989.70109741255 467.050067684127
37001.95197982994 419.8777103095238
36987.68468893159 414.11895274920636
36995.30022461171 465.5480873253968
36986.803428489664 411.7052172269841
36988.22361110637 406.8924554539683
36932.54185902031 401.9556624746031
37037.7314450092 399.56082499523814
37020.19845055091 394.4806569825397
36974.54039784442 390.78250408253973
36982.0016799699 384.65727609682546
36972.360479205025 380.32509196984125
36909.2694607726 367.18362471746036
36990.604402310295 353.90407513015873
36859.09314800134 337.5377473380953
36889.458690566295 320.94178108571435
36594.923405814414 278.4853164190476
33134.73296148739 188.16584625079363
30704.71930744121 174.49185467936505
26795.484349535192 160.92524757301587
23941.55571420983 154.59590301746033
21554.804049933606 150.5936920111111
19520.098010092966 146.89657573650794
13273.107787110619 142.07077601904763
10045.130621882648 139.2683047857143
6765.221979282868 137.28310938253966
4038.8124111553784 135.7403767047619
534.5477218505933 134.28698517936505
217.76876208751926 133.8984674888889
53.51207649402391 133.46730867460317
30.51619232160817 132.47481046031746
