51231.10200849257 623.464584215873
51047.953014861996 640.030463268254
50965.10511124378 682.4482026650793
51032.02136304549 697.4814673555557
50993.579664543526 703.7429722587301
50948.64483883804 701.6112661761905
50962.73981134327 672.0803255746032
50997.94230997877 668.1734401666666
50983.61477707006 676.0681633634921
50871.776726114644 668.3321750063492
50780.87101346599 669.3512241206352
50885.76919320594 666.6427004460318
50854.74639915075 670.1872691666666
50937.362612006626 621.0503460380952
50826.379301612586 618.1151639111112
50853.991244161356 655.4876845238094
50890.51540552017 607.4081535952381
50831.33965180467 594.5241671587302
50842.89972823779 592.003733
50809.98066242038 584.5252860984127
50848.20114407061 581.6138873634919
50957.60398593139 573.8261527825397
50811.391757865385 569.8468511174602
50904.72109469772 561.4014577079365
50973.72218876941 547.8047045396826
50808.39761629836 527.6703452603176
50940.361551795075 504.79932583333334
50904.70703730254 473.3229221968254
50819.20569228726 401.5564908666666
47695.37535524132 221.34675667460314
44555.6566183267 196.03987993174601
38796.378895040834 173.0426365650794
34787.07213176596 163.37604002857142
31141.29570677291 155.90146051587303
28269.40112904297 151.09288811428573
19293.053640964336 141.1042879698413
14609.473410889776 139.1877386015873
9829.767496414343 136.72109224126984
5914.691361487385 135.43111816190475
768.0879426294821 133.7464760920635
318.89721245932117 133.737232084127
69.41555528989839 132.98277173492068
38.51935445307829 133.1163817047619
