282977.49153456086 361.3233798822481
280459.0662718494 306.2276729376589
276048.2309878264 264.5561118931787
270501.41251210764 234.58234243948795
264575.037674309 214.58001026726714
259025.5333040471 202.82276106719766
255957.6969162635 196.69589956737255
255420.80754288452 201.0660992366452
255377.3353324588 200.8351432311061
255584.17441276935 199.9351591927446
255936.05719274134 199.07149214523847
259828.36863555797 206.74171355793808
262469.1334388226 210.82595128373592
260847.87030213967 208.96266806765647
259613.62404519814 206.48159117859723
256089.35416541147 202.01495828071305
250133.20322669254 194.63970522867785
242414.9979911197 185.36129532271434
234226.9315055672 175.71136151721407
227650.7203848233 167.80993553338166
222732.50931745066 161.99243497765576
219683.39218795454 158.28521893269877
217478.9688373266 156.14971630472823
215385.87632758362 155.05754421419715
210789.0372527499 152.81152022200007
198500.5591945335 146.37675271309888
181684.63748075766 138.0974548401878
161434.86498606057 129.08915805614913
139992.06915394607 120.85223983940926
120021.2729353337 114.905897395035
103412.5806439129 110.89437800065781
89115.24444407069 108.48403867441613
76702.58780179551 106.81872404376193
65923.43756065461 105.55448417612553
56053.77460244996 104.46070694726143
43801.76326378681 102.939742745688
32265.97107446304 101.59194971859009
21378.229657378426 100.314525810708
11500.173278991482 99.18135342596074
3849.318452631792 98.31735075311911
-835.7892172305839 97.79599734254661
-1816.6041261256823 97.69077274460713
1645.4193304164874 98.0751565096645
