263065.20918399957 471.66476751826684
263541.8469431989 412.00665626116637
262239.85236646817 363.3635438405415
259652.97916042965 324.76424776388444
256274.9810317058 295.23758553868726
252599.61168691958 273.8123746724426
249818.55001939254 260.0979485267475
247604.12174781135 254.87091363360594
246048.89598267074 250.69710843332808
244881.79528840183 246.33390295402182
244590.20228113807 245.14157156866668
245401.67612749236 250.05548023377787
245430.68596852012 250.71794877068095
244981.85345577812 249.34300891955274
244140.02178018363 246.3728147587151
243316.9361935203 243.68625870925598
242119.41141259213 240.42776230391405
240626.46567972613 235.82792118006762
239202.81887486877 231.61342540988807
237992.07666344754 228.3096548232853
237730.91356389213 226.90516306058134
237893.45284592308 225.9308753430062
236987.94770527518 223.51433096872938
235795.5117423207 220.10450862325092
233047.936039354 213.7941534286136
223993.9467406411 202.044635546256
210118.3579328751 186.15126763936004
192098.20787933964 168.47517077780216
171169.8767244535 151.38464838252685
149279.2644991062 136.48604891967045
130265.74511720582 125.96379149697901
112227.69521833972 118.44355795983088
95599.13497123166 113.0942060249854
81923.26075923696 111.11260048071279
69678.96369096907 109.79606456090673
54458.96728478248 107.03567810284537
40068.50241166883 104.55980280640912
26519.421439477042 102.25418343328134
14224.649133619267 100.20566087865934
4709.8318229243005 98.65323233720783
-1103.0944030410978 97.72250735233092
-2292.1934547102437 97.53909546743307
2064.470757483562 98.22860622591877
