271568.4017127984 403.43043481986695
273865.985981527 356.9399811729961
272713.2620539899 317.39444110547333
269122.464317668 284.8052593313923
264105.8271600419 259.18388056484656
258675.5849685933 240.5417495199307
255349.4426430577 230.3031031496585
253841.25890822802 231.90964363584135
253345.25526173227 232.85774518536618
253510.23150577125 234.43263897805343
254452.56603921266 236.27136960574308
256779.58489140918 243.94963900828327
258074.03024612382 247.2534335664658
256929.24781974632 244.14492282802053
254484.38209109014 236.49343827633652
252206.52016054408 230.6687903476203
247940.4538977196 221.527095177112
243362.1596636527 212.47870198428427
238791.9189276073 203.49807075424573
235682.1114299511 197.23212207667862
234563.49824983388 194.06828468324127
233067.29466304413 190.85623073890594
232003.63817564075 189.58152236069478
230017.83681892086 187.91018238790923
225275.72106708962 183.00344783744447
213600.15107127646 173.32548951824361
196411.94002063753 159.68299109681024
175939.83696018928 145.52472416193933
153900.0800926144 132.556465190645
132829.27145228343 123.0544373862131
115352.50668915831 116.92297716182864
98932.66052511794 112.22277332206716
85022.90089935045 109.7080286677294
72982.45681224554 108.26920111529233
62033.077413310144 106.88038559185529
48531.82821337345 104.80475646100089
35698.45771384595 102.9499230603195
23627.99547014138 101.19583269047311
12678.697618766279 99.6540239830494
4204.812153636254 98.48532174183994
-972.8248604843941 97.78779499874025
-2033.3773588314727 97.65951278564627
1843.9907233592692 98.19854413445383
