244140.540576691 433.1222999873319
244081.58546924999 434.57512111557753
244027.04339875886 434.7083969544022
243978.45200344932 433.88616456060254
243937.348921553 432.472460990975
243905.27179130237 430.8313233023173
243892.9670130514 429.9910772461521
243885.78244283606 429.4309607122988
243903.18561617978 429.18964364717567
243902.8560703849 429.30372377851126
243906.94765282524 429.6401548042076
243957.78979311846 430.61317479345064
243970.24082409637 431.4239347263685
243954.55653024054 431.09424753358724
243903.92565666948 430.80233580992154
243900.70305012874 430.51474723758423
243794.07098683986 428.77321529376894
243630.3218399088 425.37028448056725
243471.71533233402 421.1911883552161
243346.91340119237 416.94987237766395
243187.4640868779 411.81743893247676
243038.70358358647 405.49708564240007
242734.72421378928 397.0063543609315
243371.5715213911 389.6264399469334
245226.77872814564 378.63654687062433
242913.52911188098 355.9812942646937
237098.23454698632 324.6241193237351
226602.91596334902 286.3713774681929
211476.38438715172 245.7090506539543
192675.04673337608 206.7897558600537
173701.9202124348 172.8981777471912
152577.85419574825 146.09696299291915
131227.6478737646 128.24877701786085
111591.31734764772 121.3424950313792
94117.01520734209 117.97018101422694
73537.67696022383 112.67889217023671
54073.33272716177 109.16313637657674
35723.201978340934 105.29767994922332
19127.879886566432 101.79091941526652
6293.317257157398 99.20331372950128
-1536.449850793474 97.68313740225915
-3117.3853781934895 97.378664943872
2794.546734049931 98.43817086467165
