288567.26756548334 313.4390144386136
286714.2390940107 275.4217921315535
283591.2166878062 245.5354943855761
279679.9383323362 222.87608140991483
275462.14201306703 206.53951341380358
271419.5657154661 195.62175060647652
268749.01049206214 188.24164940979074
267659.3398605624 188.9190590264948
267306.4234458097 188.35003922999735
266673.1645814207 186.05473925949346
266440.0884681439 184.97418435233905
268084.2993835246 188.489842227871
268902.442399509 189.3974100220958
267723.66334663134 187.4039047971421
266615.8087241573 184.68388501602018
264226.66656068305 181.3190808365584
260422.1133207291 176.31569657624223
255803.20182378523 170.31811368794203
250547.65400281482 164.01576412776632
245494.49357657845 157.9818449565736
241291.84421006835 152.7909370273195
236089.89096049173 147.62201198290788
228675.05617914358 142.5153258948961
219225.35234211138 138.07513355857282
206928.8169806336 133.21475519230063
188990.33158221698 127.25862008470395
168124.78185475298 121.03179713193063
146245.9935804481 115.44475477268878
124926.92228677259 110.94435378534496
106273.06998461376 107.87023054228266
92456.95588869498 106.12085225774644
80032.58010347445 104.65256302000813
68909.60936752323 103.5148719672244
59262.639083736394 102.72461670118076
50476.30959322913 102.0314155766888
39502.32862632338 101.09446051511898
29126.981189272967 100.22747668969613
19325.325922223437 99.43127538382525
10412.471118064816 98.71268173052562
3501.013079841712 98.1604631664477
-736.9219682121297 97.82204286434902
-1629.2078018629609 97.74484399698747
1496.2818031229262 97.97628973712104
