246320.29118616937 444.7443955814146
246788.75576042495 452.36125939093154
246933.86021733418 454.3545793596199
246830.35206014334 451.90686110536956
246552.97879209885 446.2006102460702
246176.48791644772 438.4183323996128
245897.75404674708 430.92989485393116
245598.93917481418 423.5193141144998
245391.65981804096 416.70336199590116
245182.98123541262 411.8708498582734
245022.69554171097 408.4999652771529
245054.16329665884 408.631764996702
245122.99643825775 410.2343820994304
245057.23319833976 410.5747648161973
244952.73312697644 409.0405782304701
244914.88337956808 408.9869277632415
244859.71598391738 406.90254808604067
244673.72526177252 403.4372883943649
244412.93150395266 397.5873084574813
244208.17786682953 393.2558635310542
243992.9748293969 387.62419996346716
243524.4951061668 378.6062811191765
242759.84910894543 366.05419323536944
242696.21048450266 353.8088132369115
243294.0440553435 339.17326357032834
239727.42508296407 316.78587598997007
232751.83363796974 287.681960416385
221325.5883767331 254.50687073222667
205610.980291868 220.0222218547417
186747.95721132724 190.02090965302324
168040.75615208165 164.03994948331874
147434.16220156066 142.40376086484102
126911.98527476724 127.5135326779544
108022.70588248526 120.43762917341792
91029.49371264812 116.98125408217561
71154.9763101002 112.15490911866476
52369.37500630131 108.69317938401801
34624.069951411795 104.97890177594616
18560.83535196437 101.63723466902304
6129.678864520102 99.15755507650462
-1463.6275028092314 97.69076083428955
-3013.311741911849 97.38774977827673
2686.3981553240137 98.39941974436509
