280881.9472869577 368.6632033494438
280632.60972985986 321.2177893552984
278358.11300110683 284.1544746244904
274726.96951068897 256.3484772136848
270407.69166859635 236.6750151795468
266068.79188482004 224.00930657874216
263487.8799109667 217.0142868006237
262342.18201427325 219.27331872886327
262084.42707149516 218.96668494277012
262033.72863193572 218.13792184973616
262333.2712125811 217.92521089157324
264686.724021547 224.62421538657654
266568.46103223506 228.97577598682162
265184.5685077545 226.88704740423384
263549.4280511396 222.97065045014406
260858.1286857901 217.94450850725664
256282.63352942525 210.11692684239205
250061.2859931052 200.12686332763488
243516.24737128994 189.8183150610833
238236.25487146917 181.49824389130112
234353.80719564258 175.56828475796476
230823.0145705358 170.62896946908631
227468.093375776 167.41936040973243
223125.92100411523 164.31932388124633
216373.787824268 159.77501319682372
203093.7365167607 151.93154747253197
185349.36108880152 142.0752169808638
164326.4632350661 131.52832887208214
142491.6863087568 122.3084144008177
122258.77456611248 115.874082193883
105665.08141272252 111.74826718689744
90853.46595072698 108.87951380322943
78228.41255459753 107.23907335462201
67156.93248399509 105.93637856884564
57152.4937122314 104.8080797971912
44741.089447840415 103.23192212398723
32940.771424040824 101.78647743870697
21798.835230996767 100.44730683341739
11705.705186321595 99.24831644759577
3892.044337132788 98.32867015151363
-884.6127742401251 97.76491692240899
-1866.7316054676207 97.63360573752013
1703.2223857797958 98.01128557408549
