289232.3286021428 338.502370774381
286555.7152587202 291.56917198697766
281275.4994433414 254.0167856029048
274357.2838361347 225.0140983501278
266766.6711172285 203.729996956612
259469.26396675178 189.33336815032322
254895.41973911953 180.44105009363957
253094.40992125968 181.98575616950623
252954.10527614513 182.46740929889037
252849.56826521808 181.929497794832
253697.5326864184 182.67969436304074
256568.64985481638 187.32254556355176
257390.39712302558 188.5020499412504
255191.17079590526 185.6966010924308
251430.0356378326 180.42641073862796
247890.46845728214 175.71435071481883
243340.2989201601 170.03992336307206
238173.80415236237 163.8238561688637
233177.77077458802 157.95289641119228
229103.30859839142 152.9152952708734
226320.76713425975 149.57901577545175
224179.91058292123 147.4148644890044
220446.58171628005 145.01293522774685
215022.61319098473 142.78066176454828
206748.8695993749 139.51573520026642
192525.7747777104 134.47801450884626
174528.70304903382 128.45981207467167
153941.62061248173 122.06714957224204
132792.79946801 116.19644944790397
113193.1290005731 111.3663913728636
97692.7464387531 108.46696149551465
84660.3516403804 106.77778436342453
72827.48554077298 105.28769485385695
62460.415120424346 104.19254239932346
53142.43015416033 103.29789526766216
41577.61105182383 102.05072347228831
30623.659749569513 100.93496476258927
20272.183220307576 99.89814719396364
10896.697447210656 98.96064301771861
3637.566988311903 98.24269403019618
-803.8646261921087 97.80685386593892
-1726.2538661048125 97.71567615948979
1571.7427987703445 98.0317145453917
