291496.78635175806 320.98939224978017
287411.1954291726 277.6168013942845
282428.6495118175 244.07075165050355
277019.2767869745 219.19054348513689
271653.20544192556 201.815477364884
266800.56366395333 190.78485375644507
263595.5310046619 183.74611371108324
262607.23400070117 185.6479460545879
262318.72608672356 185.93111988994139
261952.8742543115 184.52850080248697
261920.28748837288 184.10373258151242
264130.50035612256 188.04986487530243
265014.72091220075 189.08353238797955
263874.3844388906 187.21221113544232
262619.25608223706 184.73808868889242
260444.77536665273 181.75765276262982
256650.47243741804 176.98000174777562
251896.58150805865 171.11993337301467
246511.36209484303 164.92930721237872
241552.84949157134 159.21737133870107
237590.71317200724 154.48752451230993
233145.0332976597 149.8143944869812
226997.66353691297 145.2069250258118
218911.69745240538 141.04644733646563
207718.8671123022 136.19998526669545
190902.6747136468 130.1732469898277
170622.05330612915 123.4670889715756
148779.8647372895 117.20888697936053
127280.0219681465 112.11798834471526
108125.18494704593 108.70922023926428
93806.04145585884 106.79866867661713
81118.8216965657 105.21866638949888
69968.5531711033 104.00986332686813
60165.654275203546 103.12825991989904
51192.54891863579 102.37839910773452
40041.29725777882 101.36023080368216
29475.358134756836 100.4372626850042
19514.922379702857 99.55244120882827
10508.33493837898 98.76106247047689
3533.7244722842343 98.15964483951937
-740.2491971671026 97.80557185399547
-1644.9262485607933 97.75622705194539
1488.3531395174005 98.06899397140928
