276767.515178892 382.0325551539668
277960.2855715205 335.0389542824591
276370.27046098636 297.26119381763044
272856.5621348244 267.9734517876434
268278.25288056943 246.4499062206607
263494.4349857571 231.9647351448455
260810.95221556324 224.54278658664668
259629.1743373036 226.59378469324227
259355.7967728907 226.76031275382738
259760.9604161826 227.43810690020692
260322.04002616208 228.0279760632127
263007.487505723 236.28133180890785
265161.98494990205 241.18446827031494
263778.6473905238 238.99854904330056
261887.07659818613 233.87456529611268
258594.76676721612 227.36868720033684
253637.00156962927 218.0069410195452
247542.871851854 207.10367821030778
240725.6766666467 195.57666061127458
235614.27004350405 186.83305693433945
232494.55848181035 181.16411700292923
229520.73740431655 176.54502389883947
227350.94109820868 174.44174951560026
224832.80690590374 173.1338955561239
219138.04381493668 168.36335315626582
206735.20046633578 159.79418325907193
189803.33934717087 148.98332216913107
169356.22860228916 137.29289917067905
147173.01593467878 126.26028851991848
126765.68474172745 118.71312574697151
109965.01594707654 113.91935056640105
94178.24266375386 110.17643478378193
81016.91832588379 108.29991578121485
69578.01738409168 106.95027266350974
59184.79454498341 105.6697549703787
46300.16117725621 103.87259161728115
34082.576030446406 102.26895519684305
22558.100366916504 100.75828981714665
12115.958170942107 99.40722794137974
4032.880392937784 98.37894675721033
-909.3750656846709 97.76379104666921
-1929.0503035135062 97.65210559178753
1755.61258086303 98.13423517459634
