264871.08621679107 457.356711963609
265739.93838264514 399.17115547118954
264433.2666955751 351.507374838339
261527.55928197224 313.42029864148515
257599.30426822798 283.96485545705576
253224.98978073444 262.19597386147933
249631.68398711967 246.5386384333758
246726.61065824327 240.76787185492566
244674.24681163838 236.02116257878407
243199.49932835877 231.32542432076303
242777.8356267738 229.88355300131562
243863.60638556426 234.77688344294495
243870.36259795417 235.08987460871964
243520.63105564733 234.12340007349303
242772.99177671687 232.17474977286702
241865.298727033 229.86957375478076
240617.63376277845 226.71720411483838
238692.14350955622 222.21028597275782
237026.62632387888 218.40788832264576
235502.0847566507 215.002362200301
235515.1876294708 214.38741742736005
236284.34500609717 214.73195219585565
235793.66684428847 213.579368159362
234919.63588575934 211.41641723339524
232013.0446259373 205.99212727252615
222596.93613422 195.14404253180376
208234.44469104285 180.54406684384273
189227.0976673347 163.2114613580349
167690.7429141756 146.76599941883967
145396.3359380246 132.43123904408174
126811.52514105657 123.3402132564674
109350.33496105374 116.76009695507031
93249.60433735784 112.15118094036109
80115.32980572549 110.44524800471316
68176.53723085897 109.08739151064677
53355.94001558986 106.48888454316722
39245.963031553816 104.18929016360534
25967.863074258858 102.01461194963277
13934.939255129464 100.07736802240744
4621.232594420207 98.60491237357293
-1070.2841583852346 97.72091702618928
-2236.6382538031644 97.54905400331704
2025.143057650112 98.21299532801667
