9.762766533864543 131.7946629142857
5.136028690974298 131.39604838730156
3.617861354581674 132.48507872222223
6.443231872509961 131.64545694603177
5.365649870543717 130.91627067936508
3.602371314741036 132.0170638031746
3.2995314741035857 129.92264067142858
5.493441721458457 130.78888462222224
5.644325831507668 131.82276826666669
5.3433177923889215 132.3205873111111
4.949074103585657 131.95104352380955
9.373870916334663 132.23920236507936
5.853998406374504 132.50233703809528
4.058273415703467 132.2982027
5.455171974522293 131.56259287619048
5.683380999800836 131.08305485238094
5.140228639713205 131.90364095873016
6.933652121936641 132.233360984127
5.5199713204540934 131.2176109047619
6.725609561752989 132.37260960476192
3.125163346613546 132.10537981904764
5.175660490137478 132.20925782222224
4.5795513050408445 131.00816797142858
6.023638174935246 132.07703404603174
4.686664275752142 132.16320467619047
3.9443680541724757 131.7059705126984
8.966258514240193 131.93896903968252
9.039158565737052 132.1959236174603
4.757125099601594 132.1618725079365
7.1379565823541125 131.40769233650795
3.9176541832669325 132.16506713968252
5.534074900398408 131.10214803333332
4.472771314741036 131.1749943047619
5.3071926678621235 131.82861514761905
6.014776095617529 132.17004617142857
5.635277146841999 132.26125153809525
6.162005180314804 132.06726393968253
6.282836653386455 131.71972083333333
8.188608089260809 132.1209302825397
8.5373909579765 130.70336126825396
10.544420717131475 132.15261513492064
3.0872095617529887 132.232551684127
45.80293444909344 133.03461958888892
