54003.57118301824 632.4482706158731
54105.53842038217 636.990472395238
54057.54726939912 653.5133546301588
54198.75034819533 665.303058174603
54278.140502453905 674.4390477285714
54205.73873036094 674.8274336238095
54324.090914975466 673.0672690238096
54317.125168757055 672.1035629507936
54253.74077665008 673.4666101952381
54300.75783429519 672.6930397095238
54261.17118981297 671.4701504904762
54257.896292993624 669.8936749507936
54270.3806701154 673.1961897079366
54090.249341825904 612.5264742238095
54047.15425053079 615.0510469396826
54184.773947860696 657.6659726555555
54175.423651873956 614.6426155698413
54161.97949469215 607.1870264507936
54119.934195329086 604.8633774650793
53975.1787685775 597.2629331142856
54049.086539278134 592.6521932349206
54059.997220253514 582.5358211460317
54004.6228492569 575.9230389793651
53936.83329511677 564.0458138412698
53899.83625419474 542.90165755873
53817.61572978342 517.6201855047619
53764.785368637604 489.86418863174595
53651.69568677417 454.8248304063492
53326.79007885304 370.204316752381
50943.64182433778 240.88920842698417
48069.22149482072 207.9995136015873
42751.10298007968 179.1005561793651
38214.20078974972 167.2918470952381
34668.26499229749 160.05218523333335
31565.55822576362 154.48982133968258
21720.978158198846 142.54325215238097
16505.547801328023 138.45815664603174
11177.322050342033 136.81355895238096
6738.395104382471 135.21242271269844
881.8237322709165 134.5818787095238
353.70483967337185 134.19095106825395
82.03389679218967 132.91735353968252
44.12893067729084 132.48473724126987
