52615.10910080298 613.5386387174602
52702.57132895522 627.1438454952381
52634.86201698514 662.9101479920636
52601.01682096186 677.3647296523809
52679.02779011608 686.0947913222222
52771.61325956882 684.9655200190476
52605.175252653935 667.6951988015871
52713.69440827696 666.7483375730158
52586.926347462686 667.5843465158731
52619.22377070064 664.9691290698413
52459.31809963515 664.8084357904763
52664.134477251624 662.7794620825397
52481.363694593696 664.9125515825398
52587.081242321714 605.9844506603176
52516.34760597014 607.9325793253968
52631.36945034825 642.4265990619047
52517.932195633424 602.0875944523809
52598.8233891874 590.6881439904763
52596.44622257615 583.2001849746031
52617.8872039801 577.6921979190477
52580.4363904705 570.1996669047618
52490.6226457048 563.5862055015873
52626.345366527254 555.6489483142857
52496.015595460885 549.2105380444445
52524.810774968486 533.3549707682539
52486.58332908705 513.9456582285715
52533.70224877207 490.66180109206346
52384.378440507004 461.52719484920635
52036.71220284083 398.74612725079373
50435.717582951605 269.69958893333336
47741.185062205404 218.49816570158728
42234.173246763596 181.6392622666667
37702.43002988643 168.24967255873017
34030.437014608244 160.16334072698413
30923.127099422192 154.32426879841273
21140.989463453494 142.52750468571426
16102.885779548473 138.3062447301587
10861.826401540811 137.08351443333333
6522.065121912352 135.28297306507937
842.3173976223683 134.4340757174603
352.4993632197649 134.37736800952382
75.63755856573705 133.20749139523812
42.33786810121538 132.2233531460317
