35092.54422920811 564.0190406380954
35059.13579197346 561.6791038746032
35102.48354469183 544.664625804762
35137.09110799133 523.5500065746031
35134.7934535652 488.8508151269841
35183.79418703241 488.06698330158736
35186.59714539784 447.31643610158727
35113.660226015796 447.38363664285714
35146.85446164502 447.74590427460316
35155.82924863218 445.0677709444444
35144.50446902808 443.0697045634921
35103.418156909596 444.13898441904763
35189.279608443714 440.8030359142857
35100.39125443354 394.14658062063484
35106.43185766448 393.1770393190476
35104.83397530864 437.0168184111111
35149.474853635205 386.01294653333326
35180.95735624749 378.62549746031755
35160.812027188505 375.02071842380946
35138.44439039249 369.21691067301583
35079.2507932361 364.6971395238096
35078.026207885305 358.50273123809524
35114.05402575336 352.71584302222226
35138.199123643106 346.3825957968254
35065.489532151136 333.0097014031746
34976.479455547305 318.3981973238095
35007.14111881585 302.43750754126984
34851.86512328221 283.6924586396825
34014.75592426327 228.34841792380956
29626.615961752992 175.938600684127
27566.78478746873 167.35173594603174
24059.17618698539 157.18918497301587
21440.531835325368 151.81023055396824
19343.987201236985 147.971830984127
17508.38777252025 145.31503634444442
11923.595678147318 141.03036742063495
9034.619726570345 138.8808189095238
6070.916899867199 136.98638955079366
3631.5009912350597 135.6909903206349
480.1522065686646 134.75158510634918
201.69165258964145 134.1781274095238
47.73104443116158 133.59570207460317
27.257362605223175 132.5849703714286
