40659.30653712921 532.7681942952381
40629.197760081195 547.245939595238
40643.28627813164 589.7012558206349
40532.54505553379 592.951827288889
40429.49652653928 580.5125356650794
40395.65123868006 576.574799736508
40343.15638834694 547.2863297873015
40345.62526326964 541.1857816904762
40298.444049107435 544.3170313031745
40282.68684501062 539.2611233253969
40340.2168757444 541.4926296777779
40336.828261146504 537.577556395238
40284.394070172326 540.727658768254
40223.966666401226 482.97547557619043
40211.22069608795 484.2980327095238
40324.28521443737 531.5455890746032
40305.120322846145 474.0241928873015
40238.73192103855 458.5761360174604
40227.30860374352 454.6878365809524
40263.21021222377 449.43873592857136
40262.450578521166 445.6391516698413
40251.944532058944 439.2451854206349
40312.10914476081 435.3585286428572
40305.85482991573 428.52893106031746
40213.214060799146 417.3238003333334
40259.501455462625 401.47670699682544
40265.48761229502 386.0662447047619
40207.14346156909 363.1688504111111
40107.20961637691 321.2236561888889
37840.93779548474 216.248841084127
35353.259775830025 188.436971384127
31099.50266102473 166.6441065587302
27709.223597892626 158.18034605396826
24939.18766533865 152.38906091269845
22647.47114794157 148.67964817619048
15614.325671181941 141.88849355079367
11800.071640903054 140.0350662650794
7937.5669600890615 137.8212022142857
4756.860392031873 136.20973488253972
624.6727840637452 134.4071362047619
264.1138373491524 134.33142160317462
61.76735082320647 133.37177946507933
32.10850039840638 132.7756622698413
