5.873386730424388 131.8331188380952
6.143630352519418 131.74955049206346
6.954721912350598 132.26574797460316
5.329810358565737 131.73410433809525
6.694420402470612 132.47191345873017
4.0362709163346615 132.15002108730158
3.8391201434548714 131.6174335888889
8.024643824701196 130.67194302698414
5.25685879306911 131.87445084444445
7.172412034269774 129.75395834920636
7.29028844621514 131.0962309142857
4.2248160988244665 130.76132241587302
5.404328286852589 131.83587687777776
6.92344860557769 131.6519942809524
4.543312922465209 131.1140034111111
3.4548523610280935 130.91164193968254
3.835893184535672 130.91627253333334
5.817254433154015 131.5071755063492
5.416328417696294 132.13113713492064
5.81090416417613 130.45928267619047
6.437877290836654 131.9744920079365
3.8735936254980086 131.9283359396825
4.688637450199203 130.88573804444445
5.831242877067145 132.20428154285713
5.915913130105599 129.8428466269841
5.6292589641434265 129.9293491015873
5.849510756972112 131.85401296666666
4.227798446524596 132.2593970888889
5.064733067729084 131.90964414761905
5.264640765092648 131.99287634444445
5.875419239195379 132.16219685555558
4.169408764940239 132.28095793968254
3.153036062960749 131.8304787111111
4.127381550109583 131.98173005714287
11.51065684126668 131.172398484127
5.376165737051793 131.22292713492064
5.656014339772954 132.19811923015874
5.751713147410359 132.0640321952381
5.124858338314405 132.0048139238095
4.94830511850229 132.14518219206352
5.0835250996015935 131.09283873809522
63.913982470119535 132.06214643333334
43.0016892430279 133.04975853174602
