47600.273622074 621.3222015904762
47350.60724550892 619.9346785523809
47131.85662897057 623.4400714936507
47475.5910123508 628.4008181714287
47496.55042079438 631.8888372777777
47531.13941834096 636.6413393238095
47548.12982915817 642.2073381714287
47581.480628422214 642.6085631
47302.59517940364 645.848887704762
47482.225942245495 648.5461748761904
47532.95471655774 643.9119918190476
47504.79649676757 641.0087999079365
47513.96903145164 654.9445933571428
47551.60418358544 652.71633314127
47547.168980014976 657.3228307809524
47719.038860862296 703.0780314698414
47426.27525715876 678.1906180555555
47626.65567124014 708.944448357143
47599.27695612429 718.426121647619
47583.762856620044 728.6145568301588
47385.7073387916 735.4994712365078
47618.04984889681 741.7885436777779
47315.13375681689 747.4394539412699
47209.704618092306 753.1201415333334
47274.527990937866 760.2935807444445
47252.55925716374 768.3120409952381
47230.1160718296 774.3881794126984
46973.77888663618 778.5028373714285
46787.958445989796 775.1040291015873
46580.166316431365 747.5911846301586
46937.82296281566 676.1722305682539
47075.464973511254 184.246811715873
41645.10479043825 168.01587626031744
37184.31012573857 160.2601076253968
33578.1734374502 155.5687806253968
22897.23638565737 142.8911629904762
17242.69727942641 138.4926478253968
11669.731673106287 136.7464381079365
6873.866522177956 135.08017232857145
888.4730900398407 133.86147390634918
376.23414385335724 132.7977637126984
84.0944953177924 132.57220565079368
43.82109844559585 132.4576795904762
