114469.58283508057	493.1180706612647
114641.01471502316	496.2753025655712
114865.04534014687	493.5679479075506
115109.25659244783	486.0872612740813
115341.23035392209	474.92449725204176
115528.54850656606	461.1709104283107
115562.96191774834	446.3475473251327
115583.69430566064	432.4214912873685
115449.06839642051	417.20216263637195
115313.98723528297	404.9784249853851
115004.84857738257	391.47864372812785
114391.53459126287	378.7911163195478
113732.04845865292	365.94427298059094
112853.8855476581	354.27226666104946
111912.95392449254	341.25318411549773
111625.26410867862	333.88692670068417
110566.38983882958	325.308119768359
109664.13742480602	319.4765618625024
109117.96468443879	314.18719565521224
108515.7927357673	309.974591829307
107140.90488618847	303.6325076931143
104072.13061303797	294.30157296541034
100661.62643375467	285.6769681338524
96044.0241808909	275.4175463681939
92776.26061156596	268.76504094998484
88470.36659004411	264.22604110531904
82515.20004936573	255.68151539541608
75192.12870831923	247.88853874330658
71825.09672868684	244.90328502404478
68656.94941693255	241.5104163287961
65823.73379509663	238.7042944669663
62666.69635311869	235.46929435848534
60443.11435533636	233.39754888503933
58261.83839282672	231.64560626292595
57223.54942207147	231.27668093184593
54165.39763394325	229.07245173551144
50292.03846245826	226.17400761423133
45595.67658627204	222.79496494020447
44323.36233437888	222.75648193288322
41943.43548307026	221.61560652961398
39983.28197242863	220.77042579237818
38109.52549547969	220.04851373552307
36510.070325653665	219.42246366317846
35053.968196193964	218.9274146312962
33605.620242545905	218.33623246527634
32118.689437876576	217.63270372463924
30546.181966676948	216.81659853702268
28883.309925975038	215.95341159427406
27277.070860161366	215.04573065291038
25651.12983603824	214.0488635912826
24173.018478931303	213.0988652747402
22817.533568365063	212.31443946134667
21679.642709723077	211.6037455230308
20554.271576717343	210.9294088934737
19325.85147968898	210.1434824951831
18063.38947141001	209.34624192050555
16825.201952966196	208.576090647823
15624.342423521879	207.7924574965623
14535.771585396044	207.02755980927594
13529.160926976798	206.28467789004324
12711.8578123463	205.65816870851836
11975.25735247644	205.18580868149624
11334.170277380226	204.75438806601645
10678.45581788459	204.2722173998956
10110.49723499589	203.8415798354784
9558.481271780554	203.46536616691196
8966.03920719081	203.00800068553662
8268.841052215475	202.65805292677206
7501.940254639242	202.30252023753545
6662.103148370055	201.87007648294144
5786.919119858647	201.34783600285016
4882.698006955572	200.88962439368154
4106.626169374289	200.41265075826587
3328.6927766685876	200.0021627785941
2677.935327736702	199.724645066201
2015.988000054359	199.43184727207506
1403.0850105265642	199.13348663265782
875.4362394060626	199.00172408391268
478.77709755780256	198.79141524555607
187.8652199944958	198.49119454788124
58.307952669439885	198.11704384512038
8.189917141470549	197.73708607949106
11.559522720693938	197.3766749679876
42.465178717205006	197.06116422760502
74.95529444110049	196.81590757533826
