90391.51674027665	487.11579961941146
90300.4727651584	488.1863259158159
90300.05427898467	488.5107822522495
90372.02016120135	488.169997168314
90498.12929125436	487.2447992036112
90660.14054858983	485.81601689774396
90911.63499654456	484.10893842075683
90881.08467297984	482.31342099892885
91103.20568822592	479.98336819707373
91152.63509431083	476.4073782178954
91436.78648170066	472.54101406868404
91459.56970651813	468.46666348817115
91793.16999980128	463.4114708258693
91821.72915768318	457.7173101333343
92117.54887569128	452.46591462482036
92137.29094954848	447.7034013556108
92321.60150168315	444.11242396458726
92129.18236538047	441.3885886982139
92281.64765695755	438.5630926783945
92094.81715593082	436.6437656891812
92316.34183392828	434.6014785233945
92124.32344236237	430.60202821067685
92213.00477195189	422.95231757618575
91839.17161193499	413.8529702779611
92504.08671754992	410.7234757298762
91992.73950461148	398.53837233107646
90714.90768356668	379.38043806622403
87399.46452963924	350.6544698859638
85824.92130210146	331.4343323646855
83530.35277779483	312.2349854275682
81215.82240190463	293.66689302627054
78439.54616617833	276.41764484223006
75718.47851585542	263.0986727557577
72989.3794589093	255.98450388639495
70880.19146243006	256.95405428505876
67489.47079624001	250.1214136857736
63560.60163223704	241.96763003870285
59206.65087989277	232.54985139232357
57101.087940012265	234.41262836467027
54333.464802413204	232.14689607193523
51899.00378078173	230.46220807083967
49701.60140440224	228.93321010826782
47736.258895296676	227.67294403245586
45939.10473990632	226.53604317597566
44098.103175785924	225.55025462101065
42214.820893601165	224.58546282902154
40197.14381639492	223.63991623310852
38108.32124130593	222.6860300525957
35931.05315581967	221.69811322414193
33788.50658919833	220.71835190050558
31803.49883857873	219.85444235081633
30002.859006952967	219.01260682648072
28452.533797985176	218.36186072629422
26950.225111523458	217.7290945962787
25328.992449071502	217.13711212683813
23660.660871251028	216.5871319480658
22061.91155196767	216.0444508244683
20521.927006997565	215.51206940753747
19070.187733898958	214.93276138520648
17760.14196483403	214.22396549053664
16670.683380621027	213.49764426624765
15697.289963019419	212.77163864975188
14838.78675193754	212.11984414486457
13994.411506773149	211.53740185435174
13266.45191779696	211.00919446761512
12544.593830947504	210.409528827281
11779.536265254914	209.7669727061388
10877.555745300542	208.9503627901015
9895.853698247416	208.00806372258012
8798.42846767593	206.9027642652763
7650.605400752097	205.74020825902144
6473.800171639697	204.5867028155405
5439.330168732961	203.6707622165739
4418.30352301141	202.873647450389
3547.5953394949565	202.11439339338824
2668.7437227160544	201.3018657344216
1847.159462665969	200.53746105609218
1137.9225283272924	199.75477460360574
611.5998323145468	199.00680336798027
225.1662977616713	198.3271882163641
57.11805286605909	197.71332670167052
-4.6249606346897565	197.18265993912976
4.582935056995474	196.7482481705905
49.38741773867372	196.4231516379021
94.43416520790437	196.2204305829138
