903852.1958187292 322.03584271060606
902432.9688531369 322.43908449696966
903747.7587350754 320.4245225568182
899506.0584890222 321.5508681924242
895335.9890301193 295.5398018181818
888137.169032745 221.7352054840909
828388.5433517484 181.63486255606063
754789.5838250383 166.78236407954543
687107.8282565067 156.42585021742426
636889.534324939 148.12937242121214
590757.99780467 143.02041422651513
550999.9816854896 138.39882338863634
516231.3255075518 135.67661499545454
486688.94153638673 132.78608511666664
457551.43515841564 130.55528501287878
411907.1774293373 127.10166635303028
374254.7165157735 125.52534763333335
342301.638748592 124.00347568939395
294119.20715760114 122.00027861818182
257081.61086785013 121.15154087500002
228080.6487261039 119.99632116136362
205158.13543745325 119.60276785151513
186411.93481739218 119.132584425
170886.5923075708 118.78587460227271
146442.23376777538 118.18189264924243
127971.2254208974 117.82637507954544
113730.09236749072 117.47066889393943
102333.3191514974 117.12945888409092
86991.86384299956 116.7117746090909
69255.70587856545 116.170795394697
63842.81241560646 115.86931351363637
55207.921735291995 115.44938785530306
48631.822362085106 115.24575316060606
43454.96403226491 115.03731129090909
39274.565303511845 114.80924584772731
26556.42744135406 114.1032677742424
20039.873441280477 113.72417599772729
13443.737333623063 113.16984101666665
8106.88070136638 112.62069934318185
1020.4165748211793 112.28198330151517
408.10305747741114 112.13647883787877
