942607.0084417291 311.4282518265151
939122.706948137 313.9301917969697
936746.502284397 309.52651771136357
935273.7355048916 307.01481124090907
928476.1100676059 181.1551464159091
833891.5691036596 157.16622023106058
749036.0089924692 150.4936423734849
679514.0982089128 143.67799099090908
621672.1306178474 138.84821139166664
572865.6722634315 132.0282222409091
531161.325375365 131.4242930121212
495117.28191036213 128.25995858030302
463646.84017055633 127.62869142878787
435921.0830303037 125.54647026969695
411341.5987081509 124.58196095378787
369634.8746306637 123.06264725151516
335623.71617318894 121.73761326515151
307337.1464521763 120.50936230757574
263129.53051756945 119.16592491212123
229924.37245362642 119.02762387045456
204191.25995383796 118.55759957121217
183612.01271948148 118.27268015227273
166814.56841141373 118.01616378257575
152823.97378831363 117.7724055598485
130880.10547696175 117.25633631212122
114447.7868458727 116.99990535833331
101677.38804869803 116.67738007121213
91473.00952052767 116.44791741818182
77803.97562385794 116.01423705227273
61821.46681987157 115.59260334469695
56987.970902056426 115.34437414772728
49281.93973538968 115.14053544015152
43413.804375971944 114.7923306060606
38792.98582740526 114.58175125909091
35061.2348423629 114.39904636515152
23713.275272793613 113.88375138106059
17896.949505546192 113.49793405757575
12005.55589447532 113.17406062272727
7239.1588533828635 112.68381823106063
912.0478530602924 112.28858007045454
364.82183899318323 111.93804074696968
