864488.729212137 349.6247689439394
864495.4525816424 349.5043540212121
865988.4815746231 349.56744747651516
865955.7961721378 349.5766773007575
865406.4977807734 349.3521688037879
865430.6800644795 349.1253304166666
865880.1464840136 349.28537692727275
865397.7899199055 349.10306152878786
854640.2404105155 335.76217304696974
844594.7733786602 276.54661931136366
819788.9046716287 237.85869232499996
767846.4528278856 215.37281078636363
719580.3893802034 198.88857057727273
676972.4297383872 185.945581030303
639044.8454863508 175.03607983560605
574598.3280388346 160.02499195227273
521940.90312733577 150.29990379924246
478082.46873149707 144.3056561719697
409332.1528959407 136.35627011363636
357822.0106459999 131.87296021969698
317825.57987361046 130.07095693257577
285871.9103467411 127.86645952348482
259752.1263332617 126.32115921515154
238009.16293961904 125.08479870303032
203870.5694548522 123.05007498257575
178300.22359604997 121.76477473257575
158429.64614411013 120.91553189166663
142542.3208824403 120.16811939621215
121262.19804553234 119.19321697878786
96451.02196857466 118.10776346439394
88909.83723003672 117.8503369659091
76893.82560153994 117.21004616363638
67729.21680073431 116.82167322651514
60519.951515151515 116.4048141143939
54697.72700394659 116.11404432878788
36949.695860716034 114.98802751439396
27888.784950952788 114.45521634393936
18711.109501391544 113.54934438181817
11284.648384935479 113.20010352954546
1417.1694340942765 112.25600503712118
566.450554183005 112.13960592954547
