864835.9611854515 343.47215175227274
864240.304283072 343.4568227742424
865930.6789978631 343.38237697500006
865842.1392320833 343.41187657954544
866357.0283412458 343.5042282772727
865644.9483037628 343.4817328939394
866576.0202623969 343.4501648121212
861859.4683344901 342.37599584545455
849063.8013835332 312.6491393499999
838522.3058918655 255.5187069265151
795207.5542955945 224.2464261143939
742987.6594099278 204.71301438409088
696568.9949457948 190.33177390757578
655497.4510626838 178.63429871969694
618984.6208701605 169.11122748712123
556889.2730197072 155.67037452045452
506070.03618495766 147.18095181818182
463731.5106971837 141.84370201666667
397296.15157691477 134.4976483643939
347472.7772004814 130.57226019848486
308750.3024812632 128.8370664840909
277967.36992897704 126.84247754545456
252467.7474634095 125.26459563787881
231379.74559263402 124.28314471439396
198262.03706423624 122.46289179772728
173437.33709588536 121.22937299318181
154137.07399874128 120.47604929090909
138699.6256338128 119.80706989848485
118017.9654812212 118.91663370378788
93993.2818134982 117.945106425
86643.10855053236 117.64001837348485
74924.70892626132 117.11318875075759
65998.62802155191 116.66708635909092
58973.37085949456 116.33106549090908
53298.43117010305 116.00079679545453
36005.3852794766 114.92686031287877
27176.156517308318 114.36217457196969
18232.425962360947 113.52464203484851
10995.658808307076 112.95178629393939
1381.089777349996 112.29778058484851
552.1106703838859 112.1654318106061
