869542.8282358494 394.77311772121215
869880.8568552518 394.51089927424243
871211.6226592369 394.6452796227273
871503.5023555564 394.99400299924247
872058.2634792627 395.03330661287885
872585.227420318 394.99355027878784
872882.4025598096 395.1411556666667
874489.4095512342 395.14030060303025
875720.7280170108 395.0837264227273
877495.1651685891 395.08723534621214
872084.717494508 394.8961475575758
858395.5124108706 372.0328397037879
851619.9666782663 318.4488836
830698.7597424249 283.9773717409091
785836.1891014756 263.46054450909094
708591.80602393 236.24453888257577
642668.0129305181 212.37326215757577
589532.6153034616 191.252257319697
504631.5231163244 166.19884685151516
441054.7579672118 150.0455049840909
391266.7601011773 143.98679981742424
351525.515403293 139.90602262272725
320035.99987528985 136.8861385909091
292833.3267732924 134.14472093939395
251124.89561528483 129.73587067954543
219600.79077037572 127.36112520909091
195108.20941549825 125.43327833863637
175524.8020774204 124.1042785378788
149246.51250479408 121.99190906969699
118733.07569433711 120.05123316060605
109447.8182007095 119.71499898333332
94643.64898445361 118.71186857045456
83367.75990980961 118.20503027651515
74492.42059393994 117.69515989545454
67324.50927563032 117.20944542272724
45458.17844209934 115.78425445681819
34310.59178303634 114.95443678409092
23022.763644768962 114.11139299090908
13885.384402166119 113.24054757651513
1741.20584734181 112.29824424166665
696.0844382994477 112.12685650151516
