864718.2705230162 326.96086162424245
865527.1636617141 326.83100519015153
867107.6427246262 326.8184344636364
866718.6227443039 326.97195621287875
867301.9432463876 326.7590256530303
867700.2652904479 326.87445571212123
865904.7439840264 326.3982235674242
853698.5996951406 307.0598025227273
840927.2898124794 248.58235901060607
799909.9807103801 213.7090333
744192.6757460791 194.1278316833333
694509.812788254 180.40228345000003
651036.1108629368 170.03930134090908
612624.9988815694 161.65566996590908
578469.2303000521 154.88781363560608
520401.78019536554 145.54546959242424
472895.83196870243 139.82012076363634
433322.2075170534 136.08148932878785
371251.5735696583 130.68417027727273
324687.74353242415 127.90262389848482
288488.4780459598 126.21568332575757
259560.049342881 124.42870645681819
235903.2374972808 123.3995605742424
216195.2122838111 122.50387171287878
185247.14428270882 121.07355537348485
162046.58900996562 120.24575972272729
144011.27084369276 119.60971118030301
129591.01034753007 119.05086309848485
110263.81287108376 118.32919583560604
87732.12157245193 117.49895053787878
80891.91973851758 117.2039578962121
69957.06602764849 116.7371128878788
61630.23156352117 116.25611490984849
55068.60097715569 115.89211305606062
49785.24296731052 115.6618975962121
33637.52796833832 114.74974045303028
25386.896329432147 114.11356576969695
17034.0692070823 113.45230651439397
10273.126493406167 112.90848614772727
1291.076974859068 112.29689705075756
516.1511659824524 112.04788651439395
