873522.3579484306 404.7682659696969
873360.3053322867 404.5766863272727
874120.5942915865 404.4153848606061
875389.8069767769 404.90080452575756
874294.8881733741 405.0310553128788
876017.6007815729 405.0910399560606
875981.0411553817 405.1246501856061
876890.2260487529 404.9104271734849
876904.2788684369 405.16962963484855
877436.1575486826 405.0346362598485
880078.2276781966 404.9574506386364
867212.4970886995 404.0883816492424
854612.727484192 362.5329761734849
849043.0323142309 325.68948020681825
818385.4640317422 300.99635913181817
738462.7648964042 259.104332019697
671250.70442053 226.18015650151514
614795.6598123637 200.1164807954545
525392.309395328 178.03850014848487
459824.1903157366 157.29509858939394
408313.9926841737 145.8003349712121
366847.6972414592 141.60496970833333
333511.920039409 137.63833458106063
305596.2808500251 135.5001387280303
261705.20287175168 130.60310657424242
228838.5390199054 127.80557600530304
203305.5977909835 126.69770511060605
182898.70211036093 125.03671390454545
155571.33365936726 122.72477365
123720.26095781181 120.53813239848483
114040.69002586557 120.2132186
98611.04486043705 119.01469403787877
86859.72369242461 118.54829546287877
77609.2657606697 117.98711369924243
70140.94667518226 117.42258638333334
47353.79838391102 115.92379762045454
35742.20618813863 115.14995932954545
23980.413450745462 114.19694171363633
14463.108780219485 113.27968401969696
1812.9227148065236 112.25416318560607
724.769763422581 112.03412520303033
