892739.1291497564 315.0683538924242
892634.7069017165 315.10665199469696
896302.848409365 315.27781402878793
895479.1733016946 315.6248452409091
894311.6258326708 313.3143935810606
883387.7856375953 286.8147501325758
861935.8070879256 222.78951498560605
800638.6469439267 189.5933598795455
735023.3030805603 173.10651517878787
680800.1563386006 161.24966121742426
630296.4706979038 152.8127391045455
587858.402756605 146.49286846060605
552277.1066712184 142.16453312121212
517159.66453692055 138.70297779469695
489307.8613297007 135.88122176060608
441234.6723142409 131.85701071060603
399238.99917195854 129.10508566818183
366303.6757115135 127.15266605530303
313948.1285426285 123.91313666060606
274219.4549231085 122.79801327878786
243678.0090841592 121.45727333409093
219244.44896573882 120.64544328939391
199383.33080582495 120.01868980909092
182633.32365095653 119.57434746969696
156606.23194503647 118.89504850606062
136937.0188174955 118.40057216212125
121703.47766023799 117.95214269015153
109538.25736700812 117.6709274469697
93243.41346875284 117.17144027727272
74202.63982923978 116.45573442424245
68400.9064738807 116.28813565075757
59150.15455054075 115.79388397424242
52104.747858139635 115.60833985681819
46558.459530764536 115.18472313030301
42078.58906373499 115.02142101969696
28444.049949353957 114.19082661969696
21465.19611647594 113.90622422954544
14400.99448321079 113.27362230075758
8683.958613959541 112.7873145689394
1092.6166634266845 112.25618569772726
436.90109305447163 112.20670941969698
