865736.7693386787 376.4825859856061
865257.4945822236 376.17942699848487
867549.6260572767 376.10093128030303
867024.1208210317 376.54575788787884
867701.620222258 376.7623068295455
867986.2134004558 376.6798687219696
868860.4170005359 376.9458999310606
870371.9124138007 377.1467081371212
872805.530924358 377.09290257121216
870119.4550178307 376.74457409166666
857385.7971880424 350.219986675
848144.6432530738 293.04816045454544
819659.8177953174 258.7306449984848
772038.480859247 236.84447671439395
728960.7385333237 219.30358172727273
655548.6211026595 192.9666833242424
595499.0032873448 173.93440077575758
545498.6888547891 161.92879657878785
467053.6549713822 147.62637969621213
408293.60577273386 139.03966318181818
362651.79616535857 136.2681335712121
326186.2037212665 133.58043528787877
296383.67885815795 131.16133602878787
271571.1956677186 129.50181998257574
232620.7913633933 126.1954654159091
203441.78533272623 124.60416550984849
180767.02919532385 123.29445432575761
162638.5184907432 122.20929750833335
138358.66722082088 120.73360176818181
110028.36357309263 119.2549809568182
101423.57420714843 118.90535987954544
87712.64175105347 118.13884960606063
77265.62184229978 117.62084360378788
69042.07166808064 117.13483211590909
62401.12752991351 116.71535673560606
42143.17367919516 115.4770874909091
31810.79325635498 114.71260751818181
21344.610641035968 113.90495069848484
12873.316343259456 113.15604611136362
1615.1191218656056 112.28532216439396
645.6571740123724 112.1856374348485
