865684.1665517619	741.6139921483333
866633.65967296	741.7168996683334
868513.6000816876	741.8167575883334
869147.8070518102	741.8763275333334
869669.3441222778	742.639378125
870331.2219003675	743.1375116116667
866613.7802040413	736.9789147616667
853226.7591813228	658.97110778
835682.7094760833	543.9103290916667
784982.9960558574	483.0408855366666
729128.5530745564	445.9488845216667
680140.8403664986	420.1230685533333
637182.1410075082	400.36028400000004
599325.7310952237	384.8586264583333
565697.9555528468	371.24015779
508586.5422012016	352.7430566366667
461915.51915883133	341.29172253999997
423079.3805281476	333.79121713499995
362242.0887189917	323.0524318533333
316639.1941389354	317.36303985499995
281233.64270618703	312.98743422999996
252947.5271122251	310.3043044183333
229837.54998944208	307.7696346083333
210591.92258315068	305.74268856833334
180381.10019364202	303.09357163333334
157752.8961364021	301.167796015
140167.67515961343	299.8357505833333
126112.48079323315	298.68363447666667
107284.15509940537	297.122362035
85331.37981441054	295.4428806866667
78659.0075513371	294.8850292316667
68019.67053335742	293.80271704
59917.776516197824	292.84044469666674
53538.101426890025	292.2236258016666
48388.662161585846	291.55960581333335
32697.961606126846	289.73318094
24676.72252219052	288.4860934783334
16556.331406320052	287.01664120833334
9984.391539472908	285.767198855
1254.8870923516704	284.29421484333335
501.704644257576	284.3958235433334
