864718.2705230162	756.7138955733334
865527.1636617141	756.4282114183334
867107.6427246262	756.40055582
866718.6227443039	756.7383036683333
867301.9432463876	756.2698564366666
867700.2652904479	756.5238025666667
865904.7439840264	755.4760918483333
853698.5996951406	712.93156555
840927.2898124794	584.2811898233334
799909.9807103801	507.55987325999996
744192.6757460791	464.4812297033333
694509.812788254	434.28502359000004
651036.1108629368	411.48646295
612624.9988815694	393.042473925
578469.2303000521	378.15318999833335
520401.78019536554	357.6000331033333
472895.83196870243	345.00426567999995
433322.2075170534	336.7792765233333
371251.5735696583	324.90517461
324687.74353242415	318.7857725766666
288488.4780459598	315.07450331666666
259560.049342881	311.14315420500003
235903.2374972808	308.8790332633333
216195.2122838111	306.9085177683333
185247.14428270882	303.7618218216667
162046.58900996562	301.94067139
144011.27084369276	300.54136459666665
129591.01034753007	299.31189881666666
110263.81287108376	297.7242308383333
87732.12157245193	295.89769118333334
80891.91973851758	295.2487073716666
69957.06602764849	294.22164835333336
61630.23156352117	293.16345280166666
55068.60097715569	292.36264872333334
49785.24296731052	291.85617471166665
33637.52796833832	289.84942899666663
25386.896329432147	288.4498446933333
17034.0692070823	286.9950743316667
10273.126493406167	285.798669525
1291.076974859068	284.45317351166665
516.1511659824524	283.9053503316667
