867839.3913185599	735.35819615
868467.1907732978	735.1511731283334
870520.4684457631	735.5825389233332
871433.5575142992	735.52897965
872467.3135769166	736.2399431916666
873304.2110862425	735.9628380366667
867340.9923538344	726.8250297433334
852535.6651288561	629.0555288933333
829244.0535559064	525.0812495483333
772810.7070203178	472.20907681
712846.8163712908	438.34744307
667052.6777031143	413.406489785
625092.576206874	394.492146845
588136.7930278158	379.2125737133333
553999.4595012475	366.2576915133333
500445.47258769156	349.44534745500005
453291.47589391755	338.48360199333337
415700.6059825822	331.83295946833334
357142.347465813	321.16315576666665
312012.4279941079	315.522530485
277254.1738963166	311.89853353
248800.11917039132	308.78555364333334
226142.4926844138	306.71162429000003
207378.1209876466	305.00455442000003
177589.9934652817	302.42156962333337
155399.52825875586	300.6591680766667
138083.453952563	299.367698125
124263.34023876465	298.3578863266667
105651.04576175295	296.87962816833334
84104.532895841	295.26462080833335
77526.68271973167	294.86885465666666
67041.3700486663	293.61698643
59054.35720729581	292.77244676833334
52768.02120521508	292.21993911333334
47690.37717929013	291.39957042000003
32225.22624699186	289.4923567533334
24323.56766159127	288.18865900500003
16317.266835581848	286.9972490183333
9840.117292445877	285.85577314833336
1237.0161853946245	284.3615094233333
494.5430676125932	284.129862305
