900909.5120926244 313.0298818992424
897112.6377466571 311.84082356818186
894680.1339589165 309.3845698060606
891973.8056283204 304.2720083348485
886686.3069657129 205.74895877045455
837343.8839949823 161.0458012780303
753466.2305561152 147.58635698560605
684475.0324228447 140.84327772803027
626949.2579931621 136.27355221742422
578200.7661893094 132.9776264689394
536576.6282019463 130.16589876742424
500531.71251408383 128.0336245507576
468912.02929207357 127.0970619530303
441168.84447434254 125.50481884772728
416484.3551426929 124.28038328712123
374527.51940182707 122.61324109090913
340285.35456215544 121.44171159242427
311784.2438137195 120.64864722878787
267124.5561643089 119.35772994318182
233578.53331529454 119.20911922272728
207518.7370793185 118.59387133484847
186684.42481560432 118.38586831287878
169655.94625167936 118.07183737803032
155466.9438877066 117.85502281363637
133206.81962452794 117.39042838030304
116511.20849663162 117.0877281598485
103538.35753233092 116.80271985984854
93160.74709056209 116.60138467727273
79261.42476075233 116.1305393098485
63013.87845815488 115.61787173636364
58092.96089782924 115.60314125454545
50240.99830784851 115.14087197575756
44259.930060421255 114.79897434242423
39554.76482730955 114.64755447121215
35749.91565042875 114.40984578636363
24184.73508185005 113.83623488939392
18252.310024547125 113.55663819848488
12245.564796316274 113.21124815303031
7385.223461249194 112.8830331439394
930.6307084081046 112.3099852030303
372.2581501280293 112.22322754090908
