886184.3364694813	328.42057811136363636363
887054.5130066166	328.74630123106063636363
890795.6704588131	328.94239538106059090909
890697.4255733263	328.99805953333331818181
890876.1476207091	328.98811811439395454545
884774.4666680801	319.77591956515150000000
869227.4928926002	267.49121480909090909090
830723.840247502	221.74554039166668181818
765973.4370209532	202.64796919621209090909
706738.3228314287	189.57907808636365000000
655738.8467462088	179.44260862878786363636
611525.0581101765	171.52935622651513636363
572869.6631333429	165.81700958484847727272
538786.5022717632	160.27804542575756363636
508536.96329622896	157.30796395075759090909
457138.7383749923	152.11872319015151818181
415193.3129515632	148.09531012575759090909
380270.6424244863	146.26527972500000000000
325591.8157828221	142.78634223787879545454
284611.28428659507	140.94886466515152727272
252776.4045634402	139.52862529621213636363
227349.83090646163	138.31706152651515000000
206576.14991212884	137.70965268106059090909
189276.18151449622	137.14443242878786363636
162120.07860158102	136.26579197651515454545
141781.36828142352	135.71489812424242727272
125972.83707773122	135.25732261212120454545
113339.95082332537	134.88476502803029545454
96409.5159788303	134.34257581818183181818
76678.13920294963	133.67463772424243181818
70679.02211867164	133.50366915833331818181
61123.347603354996	133.01404596590909090909
53842.13909933373	132.63187270454545454545
48110.99146272975	132.39542957727272727272
43482.24248157187	132.18045127424243181818
29387.3957538682	131.25289185303031818181
22181.64710086462	130.87926609848484545454
14881.049439502718	130.25039082878790909090
8973.280034588443	129.74584705909090909090
1128.7526897997795	129.29678484318181818181
451.28793188120005	129.17391540530304545454
