900770.9538023955 320.5203158659091
900081.8439930476 321.0113942454546
901379.2286071671 319.9975462272727
898126.8151853427 320.7718196280303
893456.5125558706 304.2834305878788
885796.953908677 241.29353065833334
844420.5766127465 191.8889524219697
769647.8212763908 172.12065836439393
704894.5146375075 161.3674154969697
650048.259979548 152.72367779696972
603021.2507220585 146.3337917151515
562320.9713562957 141.7131422939394
526711.4925506997 138.41445014545454
495395.1926949066 135.28482344772726
467545.27914640424 132.76844864545455
420290.3518493572 129.18222258636365
381682.81587817107 126.88262441515155
349594.4006093793 125.1851104060606
299371.3866149241 122.44326791818182
261661.33366900595 121.3712542606061
232359.93325680055 120.19661946363635
209027.44805544228 119.84808354242426
189916.06272403343 119.27947626287877
174013.60413317857 118.948917
149054.91790963075 118.38272807651515
130352.42938717539 117.99167995227273
115820.07684015206 117.54498537196969
104204.98381399857 117.30896737651514
88642.03615368022 116.7551362348485
70492.16297155619 116.25028261893937
64979.87464387465 115.93131653409091
56192.97766550048 115.55093132575757
49499.26160201747 115.34841998863635
44229.93263594284 115.0805824560606
39974.91615348107 114.79509114090908
27024.73824157036 114.05082739242425
20396.433853157563 113.6962302848485
13682.445640839274 113.33479295378788
8250.839005137012 112.83450199166666
1038.4456701563092 112.28527465984848
415.30253006954325 112.17978744166669
