865162.9736196684	340.08032123409090909090
866250.5894916707	340.33838295227272727272
867971.1633956166	340.26233078333336363636
868324.2005806278	340.44829127651513636363
868719.0195914228	340.74490291666668181818
869142.453183821	340.98982814772727272727
866981.3843707746	339.74907955606068181818
854333.8475396576	314.01148497045454545454
840344.8198334009	257.33897144621218181818
796239.0586042389	225.39973914090909090909
740171.3236703667	206.93328828712122727272
690375.0376452	193.82023278939393181818
646741.6766597676	184.01186296742427272727
608347.8607181327	176.16119698560604545454
574167.3378014462	169.77992202272727272727
516170.4962667915	161.18254074242424090909
468807.8317644009	155.86903750151515909090
429370.04142658843	152.35608749242425454545
367614.0891450768	147.34002807348485000000
321318.62103850115	144.39766996590909090909
285383.6456601291	142.84547650681820909090
256674.9504339003	141.25498671666668181818
233212.82643068334	140.11831741969695454545
213683.52758661105	139.27906579090909090909
183025.82495296584	137.86997201590912272727
160063.68236893284	137.06824978560609090909
142220.9433693382	136.44011423560604545454
127957.23838909692	135.95054692651513636363
108851.38600836063	135.20003777575759090909
86580.40882568878	134.45136435000000000000
79805.46700306001	134.16364618712120454545
69014.19825813753	133.65518948939395454545
60791.88188259892	133.18096847500000000000
54320.52319730355	132.88272653939395454545
49093.79070999855	132.63963903030302727272
33171.740742870614	131.71033294924240909090
25035.31531430922	131.07161129469698181818
16796.126920286755	130.47096485909090909090
10129.18385010658	129.93726086515150000000
1273.002141283364	129.28659322500000000000
508.9503086349797	129.31776771363636363636
