864901.115506508	398.84855323939395454545
864464.5939308456	398.63263775984850000000
866643.1361285632	398.67049643409095454545
865935.7077130349	398.89803659621209090909
865934.1731488013	398.95239059545454545454
866388.0857364367	398.84908864545459090909
867825.2970222601	399.21732828863640909090
869822.4698324185	399.23167871818186363636
872437.2780636726	399.20072403560604545454
872245.1942147609	399.19417413257577272727
859693.5392601085	389.14349709469695454545
847563.4745984582	330.69775662272727272727
830362.5799319624	299.59980515227268181818
787259.0350502878	269.16905537424245454545
743435.2532162011	251.36409939090913636363
669576.8926827549	222.99222407500000000000
607534.0965679601	200.84579293939392272727
555873.0647405195	186.04529528939392272727
475362.7629248424	168.77269017803027272727
415789.6642837343	158.61409825075759090909
369479.2656445907	154.79907748636365454545
332440.8477604715	151.94760222803030000000
302159.85980239604	149.24307693484850000000
276929.0736326246	147.55002194621211363636
237302.27707246025	144.05874248484846818181
207595.15253200632	142.27018344318181818181
184498.5471985624	140.89045125227272727272
166027.3745617213	139.70314570530301818181
141274.74020004494	138.13267042878787727272
112470.4075071371	136.45072993484850000000
103710.45326851879	136.18432958030302272727
89690.33572891855	135.25924276212122727272
79004.55438806115	134.81432146287878636363
70594.42158281227	134.29399763636361818181
63809.040334050886	133.90196575757575000000
43082.52088302283	132.63074231515151818181
32521.491936468585	131.83253969545456363636
21822.96268999967	130.97180054015152272727
13161.635187902557	130.24176332575759090909
1651.0816039046106	129.26989914696969545454
660.0412368741389	129.24152324469696818181
