882730.7120170062 310.36431095757575
883787.8835897103 310.7588960348485
886800.9790393158 311.265798494697
887426.8005136215 311.07543422272727
887825.0330237261 311.3925168674242
882815.5421738097 305.97752242954544
867903.4431712453 262.3826316537879
834579.2871483018 211.85233996666668
776205.9355151436 187.9002256340909
710903.7713905659 173.57700363409091
660123.2653279556 162.956769375
616924.1728588378 154.80390641287877
578514.527833698 148.95294700227274
544740.4025007804 143.98485177121213
514261.3848482059 140.22175659469696
461730.22957293794 135.01982130833335
420241.6845415433 131.67383667651515
385015.7608534375 129.33086792575756
329576.8845690095 125.68731836818182
288412.6944216329 124.02114082348484
255923.98676967825 122.50808735757576
230343.9827850024 121.38883045757578
209484.55816177814 120.7982220780303
192150.79941657768 120.21480579924241
164425.16844725687 119.38472291818181
143804.47284263343 118.85631016212125
127849.0543556768 118.41048318030303
114971.51979077491 118.00709525606058
97912.1571314099 117.45786689166667
77915.80359960075 116.78509892121212
71822.6122468362 116.60070697045455
62109.386430951025 116.07170234545458
54710.40238657262 115.72110344545453
48887.13200282022 115.42680061287876
44184.205403095766 115.19294401136364
29862.080872263545 114.34511306287877
22536.605042016807 113.96532995000001
15119.874214307747 113.39273932500001
9117.730955991457 112.76756238030302
1146.7481097153784 112.29866854090909
458.5073883512017 112.05471498181817
