879958.5340301432 310.42552422121213
880491.7218825179 310.75233417878786
883098.7925950107 310.85132231136373
883885.2820093861 310.8285233757575
885125.9728984401 311.8815288257576
881843.1625437189 308.7658389151515
868736.1091900154 276.9604518265151
846048.3108142961 222.11960482121208
786962.553811892 196.01583284545455
727630.1359455159 180.32156150378788
675797.9566407731 168.98757181969697
629856.3036826655 159.99218574848484
590189.0546622609 153.5066729378788
555088.5654420031 147.89948609545453
522749.19597915275 143.57199751742425
470180.75232704345 137.2948949015152
427964.2921800514 133.39813424848487
392015.80890692386 130.8392525962121
336213.0888669464 126.66351540681816
292980.3440091145 124.75900928712122
260695.19429721645 123.03186936287881
234597.89076346677 121.96636891818181
213288.2131072963 121.15344742651516
195372.0671143443 120.55449209242425
167315.27937519836 119.56993874772729
146359.1128247311 119.01712452196969
129961.01276391411 118.53535633863638
117000.66470625365 118.1220827310606
99489.43345615164 117.57859141666663
79160.01931920907 116.83398532121211
72969.26658148819 116.64955905454545
63100.001540979516 116.12595446818179
55582.34413649333 115.78152174469696
49666.1743480334 115.48651406212122
44887.1230377608 115.29738819772729
30334.733410759243 114.46779223181818
22895.129984773434 113.95445866212123
15359.712256148976 113.3132097840909
9263.053923287925 112.76326103181819
1164.793997174841 112.30074408257576
465.6963334013313 112.17041842272727
