906667.1939852193	748.3118308416666
904939.8224351358	748.7065308033334
904643.4793440085	745.6986994550001
900525.9225090257	745.134489075
895714.686066959	658.8393821333333
882151.6910022018	491.08648214000004
808882.4124133844	417.78739827499993
735565.4939210857	385.7227165533333
674058.6187640233	365.95525331166664
623174.1607959202	352.5636987350001
577308.5125787221	342.50946539
538596.803453751	334.80535858166667
504707.1332411712	330.3323143266667
475261.44744976016	325.58695607333334
448330.1165083119	321.3818411333333
403546.973986831	315.7319896083333
366438.8286270035	311.72030931833336
336005.5179642112	308.85296216
287708.93881320825	304.1939072833333
251623.18028120164	302.603048275
223564.91234615308	300.32025447999996
201136.59490977382	299.73447132666666
182798.8207449238	298.84408877000004
167529.8203601552	298.1849227133333
143546.38237549821	297.00144997333337
125568.05270917754	296.22713684000007
111589.40075685416	295.52520192833333
100411.84855831013	294.9983945216666
85436.11976255674	293.89458421
67968.43521327009	292.8485741933334
62661.73604504485	292.113841845
54209.38097389837	291.24007753333336
47740.270427012656	290.8815922383333
42660.73814775232	290.11212100166665
38552.32724951744	289.8450682166667
26073.584931430847	288.630365875
19680.886317716726	287.69492561666675
13203.765721989212	286.5568618383333
7962.104515393206	285.14460219666665
1002.4635433191021	284.195229465
400.9186393498865	284.34207274333335
