865109.9014803013	800.1697424283334
864386.8668081819	799.9625150133334
865813.6817197605	799.6996631983334
865516.4885336816	799.7300092616666
865427.3941832202	799.2855625733333
865230.5412881096	799.7715061966666
865562.5398863368	799.5516122666667
864210.8134171828	798.4641368166667
852490.0895689008	752.9310082616666
843010.75968046	621.76788462
810894.4614570496	546.2726873333334
758322.2818674829	500.3429002633333
710661.5270823898	466.39824444333334
668497.8468343092	439.771041925
631033.9035132644	417.07666679
567384.9507135102	385.43991341833333
515326.22993187205	365.28795719833334
472025.51499590115	352.66538858833337
404150.2842949698	335.52546648000003
353282.0304519027	326.2758151133333
313789.419186136	321.74035180833334
282235.73274755443	317.6773301783333
256449.05972167186	313.90789681333337
234976.19815438043	311.55861435833333
201273.92183169475	307.340852325
176025.86451215233	304.82121080166667
156405.4909496332	302.8343295983334
140722.3459882244	301.43320782
119712.96230018682	299.30683903333335
95213.7357737319	297.1458454216667
87769.32295636687	296.47938511
75898.19282696652	295.26294728833335
66858.80085441614	294.2238784233334
59742.36641638742	293.345486585
53994.826365043475	292.6503354116667
36475.33616144133	290.207989085
27531.656094684877	288.9857778783333
18471.55725698438	287.3436044683333
11140.172972103435	285.9521724466667
1399.1537385073582	283.89562858166664
559.3356466089555	283.740885065
