871781.3511972622	917.06040569
888780.2361243148	916.7597117066666
872879.4818347167	916.4661525883333
873716.5516370146	917.45774373
874120.2443310639	917.654726825
875397.3307611931	917.7951138366667
874498.4382415739	917.6686914633333
875635.7364327835	917.9411726633334
876456.642312142	917.47191117
877371.625403305	917.793903235
877100.3555799144	917.6557046766667
863178.7434943113	899.9752806816667
852365.4764809186	783.1107640433333
842995.3842972915	694.7691782383332
801580.0106178635	630.0980606466667
722550.4112874111	538.8296544333334
656446.2638404772	477.44440794499997
601316.7362748794	437.333605265
514772.4659100118	389.12112664000006
449956.0973255487	361.37953237833335
399622.04777979065	351.1129412133334
359414.5633405523	344.4692860216666
326553.5859619165	336.95149278499997
299198.9926035767	332.74452404
256264.60398807557	323.11904288166664
224106.00058251427	317.70630662166667
199117.43163817437	314.61544183999996
179142.07108443818	311.3295929533333
152383.56389453236	306.651733575
121212.69493919272	302.1336653683333
111738.98859624902	301.3287950983334
96623.78590426898	298.7773151733333
85111.12066083179	297.7312510533333
76049.30600265901	296.5990712733333
68731.7539976478	295.4577963333333
46405.73502142351	292.36977164666666
35027.839524710485	290.3616792
23502.591201588064	288.469427675
14174.619496580883	286.56121032333334
1777.0666314462567	284.2770829866667
710.5036227777904	283.9378451466667
