870158.4826831464	911.4385740216668
870662.7301927297	911.2564765183334
872502.3559234411	911.2507001716667
873043.6083886747	911.908761525
873335.8407771011	912.2612336349999
874564.8202958194	912.1455380616667
873875.5843135862	912.0808251083332
875323.0195660355	912.14538658
876095.7897752945	912.0590880583333
877312.4970720732	912.26790192
875344.1446433332	912.1220370983333
861325.6767260677	879.6237619483333
851094.5469968889	761.597278875
837474.5114896764	680.7794848166667
794938.887261841	635.3147351649999
715841.8342626739	565.5082903966667
650308.3613481363	508.36812854833335
595674.471172383	452.33502252166664
509899.98495090636	399.64090587833334
445663.8747803379	363.376669515
395779.70009328256	349.65895809500006
355933.1814140527	342.81865302000006
323373.97675286676	336.0003975066667
296273.2362827315	331.35566384333333
253741.65959435844	322.4988940133333
221888.86863676156	316.85102860333336
197140.4260903703	313.52324791
177359.4420724847	310.40918933
150867.3330202279	306.22258121000004
119973.55980895145	301.857353525
110586.78372958822	300.9795768533333
95631.7193328353	298.725709565
84237.01251418983	297.6668995383333
75269.3920437095	296.40072928499995
68027.25966182913	295.42128696333333
45931.16730536557	292.2373771166667
34669.50189859281	290.62417602333335
23262.532308569447	288.488156655
14030.031173764442	286.43079981666665
1759.0894484516587	284.62812578333336
703.2756559909941	284.3598039866667
