868478.229226333	900.6022542566668
868596.5604522403	900.38457089
870331.8487994878	900.304799675
870193.0007002275	901.1090186066667
870937.4021596668	901.1065636733333
872195.9749642903	901.1706043033333
872386.5117528597	901.0467690616666
873952.4951972929	901.4160964166668
875664.5803457372	901.0282654983334
876908.315174	901.2268943783333
868322.420528146	900.1963095316665
854698.047538221	824.1854315616666
848819.1137752393	706.7493646083335
815991.9849025613	627.9128767450001
772112.5879567966	575.4556101433333
694974.2525281371	503.7391559766667
631774.7376885037	453.06121837166666
579084.9733628395	419.38574772166663
496222.12260811875	378.45386750333336
434026.843892083	355.0503187066667
385684.0839104361	345.9456935983333
347021.10245745943	339.6876120333333
315423.93966741586	333.13941221833335
289072.93677369354	329.10978515833335
247718.52639115741	320.532166825
216684.4858547063	315.57594587
192602.87730852602	312.5193293183334
173315.8796906389	309.33408023500004
147477.56462802924	305.28736553000005
117352.9585858517	300.90506183666673
108185.1018734296	300.53001585
93565.97525697053	298.36103493
82428.52508054422	297.27634161500004
73660.03945156744	295.990928525
66577.51856821524	295.03137286
44964.60735150362	292.00394881666665
33943.696471477626	290.2041002216667
22777.870578620328	288.1894219033333
13738.960406665035	286.44687655
1723.0406760805154	284.36407318833335
688.7758352250438	284.2514845166667
