251035.28031196498	1320.6555224634606
250968.98196251816	1266.3538875971205
250495.4249021129	1207.3961276422606
249728.32568979484	1147.0560358805667
248781.40088460964	1088.6074055937252
247768.36704560358	1035.3240300634252
246916.1156394139	991.7939922213777
246280.34488702434	969.0751229769334
245813.54729958306	955.5377609084097
245418.00622175215	943.7982524395362
245210.9795027792	936.401602155127
245414.72341442655	947.8873248116888
245427.19755957424	949.9681167441909
245359.83475102286	947.7052232744161
245135.33195994943	941.7350653766575
244930.32978254103	935.4492129037671
244394.39623412862	923.5076493043498
243691.38343001393	907.5951063031182
242771.02420128873	888.5049702751112
241917.93866490477	869.402570405616
240983.49427456793	848.1557210624537
239878.1297679452	824.9971610250528
238135.68877926405	796.8092298375506
235111.9275420953	763.8660512535333
233906.08233131247	736.3537541344461
228518.69668348314	696.327340286373
219737.1906885928	646.7541616969673
207118.60796520207	592.0287677967457
190996.55465335018	537.4342247519476
172605.8988812266	488.2847711433073
154817.92402217106	445.58926851029236
135825.49096346964	410.1924950474408
116613.53193277729	382.5016649104632
98144.64714722526	363.8816579582409
83306.44923933764	359.73829776053316
65148.728967902156	349.7517920821572
47899.859523035644	341.2963005996707
31692.980389236884	332.8145976088937
16990.261521160093	325.3463796450076
5612.278544218597	319.74915435680236
-1337.7348599300092	316.4113236309476
-2756.545009628269	315.7212893541138
2459.0817767813037	318.06745341297153
