245605.93157714925	1211.7160155854076
245788.5122273229	1222.3878442844757
245860.65598597948	1225.9133097853035
245839.45322576916	1223.425574374577
245741.99431934205	1216.0578003389824
245585.369639349	1204.9431499652092
245393.3624038254	1191.8037730605047
245191.02309384465	1176.639709539234
244938.5440184353	1160.4785683893585
244745.73960415414	1147.8168290298556
244536.29145618834	1136.4789575996342
244481.99434970922	1132.1454817403644
244508.43706322997	1129.3324876740592
244503.1067389266	1125.2541603807415
244580.60661328072	1128.5110077295835
244603.44894245628	1133.2996365133754
244781.47890628412	1144.7986311958307
244968.94294493648	1156.2614703177267
245143.30674714677	1167.7754878948867
245263.63940716916	1179.6108340882165
245356.3909312602	1188.3393639155202
245515.94383884544	1192.6990847160873
245636.59827029658	1185.4662305623071
246777.22170394775	1170.880120010574
248548.56477109616	1134.0987532421161
245608.10792067987	1059.4436818042138
238767.6741682395	958.3370171223447
227023.4798850857	836.9799594846676
210489.6262723517	709.6347717040339
190373.44886764797	590.6212211330779
170398.08195703902	494.26823265651205
148899.11050561053	426.2635350769315
127838.69789529844	388.2709020242976
108949.49724211113	375.5087416284468
91982.89957854012	367.33977341745236
71921.03375627896	354.4387610786256
52894.43076542267	345.4607254930856
34989.00978960635	335.63486742025344
18748.00411370933	326.7738843630149
6178.786233364519	320.2093181132537
-1496.091245834151	316.34024388819336
-3054.075718292921	315.56573690505803
2727.3854215820847	318.28487238107186
