283196.6122269651	862.096281620186
284524.2327180676	796.6751420600697
284106.16383692925	739.1964112128477
282431.06462413236	689.8842287720709
279987.5941202594	648.9627344312897
277264.41136589344	616.6560678840575
275544.98016478936	593.5494527030123
274336.7674955641	587.9694503295276
273806.9735768004	582.4272958938594
273455.1232935793	576.6931409602037
273470.26705874654	571.4237329327366
274430.98686309066	580.4416576864974
275019.1039920913	582.6472616546714
273881.96516642533	573.41550966715
273071.7987617975	564.6115896402889
271314.1650486408	553.3748544714779
267919.9931617155	537.3638838927792
263331.93529209035	518.3972903020682
257842.0379241609	497.75625018318317
252685.5131077947	478.50160300441456
247742.42370706535	460.71427340768184
240758.7853720767	443.28632014371897
231262.21977551546	426.7915109270795
219740.8101658157	412.74485561609276
205734.79133269648	399.02336348814396
186691.5843650452	383.6760667471338
165020.88444399246	368.3342727179574
142676.29376240144	355.1524068321338
121451.21507651814	344.9321583662869
103633.97028169574	338.9550866491268
90110.39524613743	335.17755533483
77883.17977358736	332.03093448530007
67088.38473469895	329.6023080245425
57699.53646796544	327.81551947217264
49171.80560293526	326.24505568014075
38501.26435144662	324.1437696223203
28368.850759969748	322.2134255777632
18790.589418399308	320.3789757605176
10115.09641450254	318.7382474416004
3392.924003406478	317.4848054273171
-725.3829377769563	316.7343891032514
-1589.279531935901	316.60273785498794
1451.779098041527	317.20559106811146
