248874.13434804094	1274.2630519800116
249495.23968396185	1287.0602434168534
249507.30966934725	1270.7888617393633
249061.53300364304	1233.2047545251928
248309.09838629505	1182.0637693519934
247401.1945167499	1125.1217537974194
246639.03804867092	1077.18428617341
246006.07194863894	1040.0324030515994
245621.88112766808	1018.1320336158379
245460.39106294216	1007.2713137333553
245481.96854046482	1000.0291226108457
245831.19283146932	1021.0114451714326
246079.15972642455	1033.7744919397815
246186.9627731164	1038.4993284872019
246240.6166239036	1038.850616387089
246120.8570674026	1035.2406253740317
245810.7650530902	1025.249199476615
245345.04814695235	1010.2390315419141
244882.67486553366	993.4718605408224
244811.8049044008	985.3756983420539
244821.35628145962	974.5610509528115
244327.8607267405	953.8106359817193
243720.11918172706	927.1540556140039
241256.2430777119	887.4609287126091
240011.59880085435	844.7502161250641
234407.7833342048	783.9537869463344
225490.512190165	711.9006101449316
212476.20454896297	633.6022174640962
196064.4322783545	561.7302882979926
177465.2685427101	507.28745461129864
159565.74011336992	459.25658839779044
140279.35243758428	418.88605019340804
121092.93388712396	390.3779572914383
101914.22192587475	368.23747620228534
86248.35105916474	362.4616565119279
67431.75890584	351.53169083266596
49637.22635079144	342.84470889610424
32807.658800010344	333.78063430070415
17595.550965258495	325.7625516243472
5825.25329303985	319.7832813078087
-1366.6559517670294	316.248198701985
-2843.598504283548	315.56267915777363
2531.0039003688303	318.13209802607196
