262287.90461525123	1303.9624707251385
262466.4197581146	1148.3950950251624
261218.38656578065	1023.2148567085505
258931.2558750574	925.1712733036826
255992.47852275294	851.0138623389389
252789.50534567607	797.4921413427019
250185.29618641315	760.4477959580475
248034.26903257583	744.447696695542
246555.01577280884	732.6166350763618
245349.460866417	718.9860209372786
244871.8613719963	713.4152191356781
245569.64418041374	724.7705440720649
245452.09236588186	724.745285374839
245100.73541886202	721.8027404979623
244451.1805471561	715.3337829702739
243897.87778367614	710.2872422107439
242928.14231414528	701.6137084463736
241499.69583060968	690.2230862621659
239825.4700253193	677.6331939192366
238463.74585628437	667.2690501440305
238064.45854298066	662.1134875426359
238511.8672845696	660.6028283560196
237871.7847175943	654.3979082430553
237046.09443025506	646.7474554074764
234799.76572039575	631.9194366169635
226287.41848649643	602.1439773388593
212881.37908055427	560.9374685216331
194759.17931162982	512.2193248400051
173508.14281121653	463.0674706105722
151420.01852417667	421.936106996788
132200.61488177816	392.86734893757665
114107.0304868959	372.6296131348727
97283.29539815489	357.9665955120056
83312.17276282025	352.24953899756116
70853.23769926844	348.95411650250287
55393.37594265807	341.4401224790413
40774.55869371399	334.8253440448144
26983.217836215783	328.61809823193175
14474.128539770887	323.12604488217545
4791.646161570341	318.96455608980943
-1124.7690973741128	316.46283439918386
-2335.6570360507903	315.95008235465
2098.4425465520503	317.75550250055915
