249706.43039072276	1295.6376764467243
250035.55112761265	1282.2280781741026
249786.73821972805	1246.9794780347981
249124.40792438065	1197.067723552209
248212.97649888202	1139.6686622497323
247216.86020054456	1081.958141650768
246544.88146294857	1039.6214785099871
246099.17424900504	1014.3541346562071
245863.57136014412	1003.7290347912808
245767.82513867744	999.4611797310594
245820.44107896477	996.9069276993072
246188.57711002784	1015.2601348162307
246362.51147719703	1021.5723207222173
246183.99652739987	1015.5653898016501
245769.89269859486	1002.359985474657
245419.86794749863	990.1118766676018
245004.15659179594	976.5344270685574
244542.4177949141	960.9355833422209
243984.80967153359	943.2837672770265
243383.11433337556	922.9749413644196
242569.54128907563	899.7242172857093
241152.5724265981	869.7353437356704
239214.16044894743	834.6181227763348
236125.36070506857	793.9743998110276
234785.2107625132	759.3623368992172
229593.27075360777	714.2663172429892
221425.87301498387	663.2635819590457
209476.41184582844	608.809170431641
194036.55693875058	554.4266249388163
176048.7736810712	503.2335665988356
158455.79492725068	457.45756987904144
139243.37804321575	418.35930862994655
119829.01004863292	388.1602824102223
101012.20449041952	367.3132202284507
85591.23864719503	361.64124939553307
66977.49474535904	350.9962550181555
49278.17389920013	342.4519690854127
32551.717534448635	333.57142793941034
17451.056961919847	325.7483416148171
5768.492653222623	319.89590941620975
-1366.752146202856	316.3997854060601
-2825.454190916403	315.64562364684093
2521.6097645221253	318.0190782010251
