255395.80618880762	1369.2422262184484
255798.8997588194	1271.0092962099409
255281.40138822587	1178.186401244168
254078.38771496987	1092.6341395883233
252424.93537699414	1016.2131095095998
250556.12101224234	950.7839092751926
248987.11122021367	898.2272536581725
247668.70953483274	874.2355022295786
246593.69736277618	855.0379059640583
245678.47369778826	834.4571218419214
245312.17530722733	826.92034371508
245623.74320293975	840.104426707283
245483.12832274183	838.942920723425
245112.4156876741	833.8914678621974
244621.9727104443	825.9377062199401
244043.02077881858	817.9652305212338
243133.8796382716	806.8042768582735
241967.91157242772	791.4919469354838
240553.44941273303	774.1213430229121
239153.19986638243	757.3168370790656
238129.2509396887	743.3414138432693
237212.31408523128	729.4776285616571
235479.3741071294	711.3851883745822
233193.42576266848	691.9695516123329
231875.82168896342	674.3388649472666
225709.86068377533	643.1320347007553
215807.81334214567	602.4674024998887
201831.5024083236	554.9329921952499
184335.48706729634	505.7873232267339
164751.86345603073	460.79961044486504
146531.45359519924	424.70823221087903
127751.44098888905	395.1917435832488
109218.30220328436	372.3630618915588
92425.68772593264	359.57734981039323
78540.74201015655	355.94071414475616
61435.727377838535	346.97591297361396
45248.14953164266	338.9917436565587
29983.863772946843	331.34484569601875
16106.51556620131	324.60645856648796
5355.009666612972	319.52457249014753
-1224.833983689095	316.4649760069655
-2587.1954425758477	315.79345765691096
2313.7452320817574	317.87580597995264
