897616.1156512022 319.0066391159091
898361.8612285363 319.2890029090909
899867.9304710607 318.67502753030305
897622.1698980529 319.419738575
893858.8983938476 309.43100185075764
884421.4347166489 257.90802127196974
854401.4287259543 200.61759884393942
782373.6499629586 179.22024859166666
716712.2002034881 167.0788267878788
661060.5053166993 158.08875093636365
613291.6479732769 150.65038588712122
571927.6178105692 145.1550063287879
535734.7921662959 140.42231340378785
503897.923476976 137.97359635
475593.86329072254 135.17603840530302
427498.3561674513 131.17771415378786
388303.9943383761 128.71468757878787
355646.093190572 126.51672941212121
304550.46706798347 123.547947
266214.35332659644 122.18772029924244
236448.22731837834 120.92974512878786
212663.76373443866 120.1624119939394
193228.08908868284 119.46534205909091
177049.24851317468 119.28570728484851
151654.89363352928 118.54260999393941
132626.8434550581 118.1225629159091
117842.55928974955 117.7597290825758
106023.5393763939 117.42863622803029
90191.61786608113 116.90761775454544
71729.7306624943 116.43389561666669
66118.37478564453 116.07880725378789
57179.51576559235 115.66765507272729
50368.20762544226 115.42871045378789
45006.851316255714 115.1357354242424
40676.768198317695 114.90533957727274
27496.887869765953 114.17189974924241
20752.6200670384 113.77701954015151
13922.749358632425 113.24961254469696
8395.497265783886 112.7167454742424
1056.4781541969455 112.31736293484849
422.4756257696986 112.0847624280303
