872952.4700993618 312.27672054015153
873551.0807377424 312.6204967075758
876028.2389790572 312.8396529492424
876519.8693259414 312.6760394931818
878003.311798424 313.11367227348484
877807.0287159841 312.3354262416667
868003.0698446716 297.7036684212121
851968.9066007317 243.05785583106064
812276.6182208776 208.27571290606062
752297.1047373081 189.79481011363637
698237.6800309944 176.4020931280303
651212.5410197122 166.10289965757576
610017.3944894302 157.83928705833333
573772.6382250392 151.9705598098485
541549.5052121477 146.83224042045455
486784.05388754385 139.49157418939396
442123.52402530465 135.0368236962121
404923.69506422506 131.99328851287876
346670.9166222842 127.59674874242424
303016.8222930034 125.47910954090909
269123.51180883456 123.58518374166667
242046.4728702377 122.5913714719697
219924.40311198367 121.76976302348487
201503.6473259822 121.02775337727272
172590.95902123683 119.96994926666667
150936.91648450968 119.35244703787879
134107.0187226368 118.77373925757578
120657.00808828391 118.36079602121211
102638.31606575946 117.76982368409091
81633.8152919232 117.08622064469697
75247.13154487972 116.80305783787878
65071.85071340767 116.29128612196968
57319.87555169669 115.96695927727274
51217.512749031775 115.62430971515153
46289.765487622506 115.3042114416667
31278.63147799408 114.51418124545455
23609.568676939052 113.96893387954546
15838.657090608483 113.43037664772731
9551.447883551886 112.90478864318183
1200.9665038119942 112.31136095303032
480.15071964459753 112.14328511363641
