908142.2646763627 322.98086397196965
906566.0994949166 323.0296750606061
905331.794312886 321.0751234219697
900754.6918451376 320.4001194090909
896609.7394042544 268.6988018068182
883018.7471915997 192.55903001893938
805347.1151911662 166.96748395
731343.5511165274 159.64900574848485
669537.7305753372 152.3902970310606
617220.2098751828 146.6758267090909
572436.2130922218 141.5345797818182
533685.3235347852 137.60594594621213
499804.99985453393 134.83549585757578
470038.75882489415 131.2657996219697
443568.0262883942 130.1153781151515
398619.50477441255 126.90734868106063
362017.1125209502 124.63906167727274
331537.11751900055 123.59688541515152
283872.97705788416 121.21249748333332
248099.40070626893 120.52562994393938
220330.79063167755 119.3789877689394
198164.06592910938 119.15900036666667
180039.49029446644 118.80040067272728
164954.06874214733 118.3948748409091
141280.93719947556 117.8626974931818
123546.38381628251 117.53625375151515
109767.3847301428 117.20100026742423
98752.57970944623 116.92421345378787
84000.7154722805 116.52627510833332
66775.83431510776 116.07209418409093
61555.182072829135 115.77223368787881
53231.68882918221 115.40561261287883
46890.68643957361 115.19064224469696
41900.76971088878 114.89110570909091
37870.44410122718 114.65173677954544
25607.599170442456 114.12708651212122
19326.332229709988 113.62010108181818
12964.238352391578 113.18974625303031
7818.118145509804 112.52712307575757
984.2367188993663 112.30182724848484
393.7246809764501 112.18769423636363
