864741.7341822123 337.0183678886363
864440.4421132441 336.97887970984857
865372.0896154651 336.95931564924246
866045.621821726 337.00249027500007
865336.9189957712 336.83655129393935
865718.6947349865 337.0223518310606
865359.0533681769 336.96720813409087
859853.809780407 333.39547471439397
846756.8016387643 285.8918929977273
831884.2323487612 237.2152996159091
781642.1433385679 210.98776762803033
729506.8868797895 193.60646111818178
683522.4812465877 180.89112265
642937.0802202703 170.5731269681818
606840.0037717288 162.10716548863638
545591.5618982591 150.93545031666665
495549.32956705196 143.94597248333332
453880.4556678709 139.3684575621212
388584.52722112596 132.9135159128788
339668.18225581985 129.62343322575754
301676.68450752954 127.78135878409091
271331.9752834161 125.80164734090908
246535.82930549918 124.56943339848488
225885.9072394148 123.41705483106063
193482.12506974366 121.87870443181816
169206.8995700528 120.85689394242422
150343.91036926743 120.08512157803034
135264.66993904297 119.52692269166667
115062.73703785478 118.65282981515153
91518.84392258976 117.74443011060603
84362.39815499142 117.50090769090912
72952.42378040955 116.94441491969698
64262.66561756698 116.52260181363633
57420.673854937544 116.08682085000001
51896.77098921922 115.83738654999999
35059.54602582105 114.78031904469697
26462.500012077726 114.19004872045457
17754.376929377442 113.65305939469695
10706.973692702048 113.10595423106062
1345.049888838897 112.20931776363636
537.7059921273525 112.17748079545456
