864239.4672621225 368.99295014015155
864596.5893308286 368.89762006818177
865589.2565735172 368.8322436780304
865035.819266834 369.11215655000007
865714.5763769173 369.4774593515151
865583.5503072634 369.48625464696977
866901.1382848198 369.6550889863637
868230.077937115 369.8619209719697
870089.2810954219 369.81251919015153
862309.6317563495 364.77417182121206
850505.6702658636 313.6985140810606
838312.8828336211 267.10884026515157
792359.8372951527 239.8717708863636
745641.6916707695 221.33856911363637
703955.2637128623 205.72794878560603
633086.2473508086 182.9392690409091
575135.1773659943 166.59104079393938
526865.5673703225 156.41298219242424
451123.04070261173 144.17273966893939
394374.7518040436 136.95386827272728
350305.6867217121 134.45536735984848
315096.62920002086 131.93448196136364
286316.2274525948 129.79176218787876
262351.977404472 128.23084854924244
224733.62086387747 125.27838788484846
196547.75668171654 123.75050069999998
174645.9840607937 122.58528609242427
157134.48741095004 121.62970879848484
133679.00337189512 120.28765708333333
106334.4865219869 118.86170835757576
98020.89268755936 118.5692685598485
84766.4066890971 117.82303973787879
74669.34337097449 117.38279364469696
66721.63935485955 116.90985990530305
60303.06146353134 116.54375856969696
40727.63710126128 115.37179761515151
30742.036106152398 114.66181975378785
20626.72827612091 113.79618351287883
12440.282881900219 113.10304099924241
1561.2432168994576 112.22977581590908
624.0651870402227 112.1345094689394
