864464.3129495856 357.5660031272727
863640.474817131 357.40618990075757
864864.4968910025 357.58522532727267
865571.0912069536 357.4413252772727
865728.057684128 357.49986708712123
865509.2412625827 357.53761288939387
866216.5077637904 357.57042621893936
866823.6040172627 356.93995057348485
861794.0630063886 355.0094952462121
849614.6320069128 313.6934235901515
839640.897132231 262.31301610454545
796455.2228387843 232.44760533636364
746852.7939112949 212.93331639090908
702637.104519078 197.8028614318182
663302.3527977635 185.25014488181822
596428.2452088115 167.35682074924242
541812.6628125724 155.50819283333334
496292.8663988905 148.0662933909091
424807.8073947427 138.8422800378788
371476.84938909236 133.6783212628788
329971.4244840456 131.37813782121214
296802.80556268786 129.33047779166665
269692.4385277594 127.53533040000002
247115.43502396735 126.1752045969697
211681.9234621188 123.87000230151517
185132.58495434505 122.33027053863634
164500.1300783171 121.50579350075753
148006.87559492534 120.65860997651515
125911.63879670097 119.6173911871212
100153.32322442107 118.45805060833331
92323.25069548456 118.13354462727273
79838.3694042587 117.51683124696967
70327.35483192772 117.05307968333332
62842.33426241942 116.5619449568182
56797.41908627329 116.30037674924245
38364.92121688712 115.12910149772728
28958.621697250226 114.40754143787879
19429.487581232537 113.69036898181818
11717.84497159427 113.12657532878788
1471.215131323235 112.26457126742423
588.0865840114236 112.20157091287882
