867839.3913185599 317.2537255227273
868467.1907732978 317.15962414924246
870520.4684457631 317.355699510606
871433.5575142992 317.3313543863636
872467.3135769166 317.6545196325757
873304.2110862425 317.5285627439394
867340.9923538344 313.375013519697
852535.6651288561 268.9343313151515
829244.0535559064 221.67329524924241
772810.7070203178 197.6404894590909
712846.8163712908 182.24883775909092
667052.6777031143 170.91204081136362
625092.576206874 162.31461220227274
588136.7930278158 155.36935168787878
553999.4595012475 149.48076886969696
500445.47258769156 141.8387942977273
453291.47589391755 136.85618272424244
415700.6059825822 133.83316339469698
357142.347465813 128.9832526212121
312012.4279941079 126.41933203863636
277254.1738963166 124.77206069545454
248800.11917039132 123.35706983787878
226142.4926844138 122.41437467727275
207378.1209876466 121.63843382727273
177589.9934652817 120.4643498287879
155399.52825875586 119.66325821666669
138083.453952563 119.07622642045453
124263.34023876465 118.61722105757576
105651.04576175295 117.94528553106062
84104.532895841 117.21119127651517
77526.68271973167 117.03129757121212
67041.3700486663 116.46226655909092
59054.35720729581 116.07838489469697
52768.02120521508 115.82724505151515
47690.37717929013 115.45435019090911
32225.22624699186 114.58743488787883
24323.56766159127 113.99484500227274
16317.266835581848 113.45329500833333
9840.117292445877 112.93444234015152
1237.0161853946245 112.25523155606058
494.5430676125932 112.14993741136362
