93905.74664836346	521.3464304276688
94134.5971279714	522.1536315711189
94387.49619857947	519.9408971451284
94641.75613590989	515.1039128033646
94874.68921568495	508.03836419949516
95063.60771362712	499.1399369871882
95104.82602948681	487.85844298993874
95329.86438865983	480.18997159961225
95161.47454798053	467.9819488284234
94927.39173177216	453.83923735136045
94667.89411154464	440.6925560066361
94069.4061794663	424.35391930102617
93188.80048293251	406.27974579613095
92216.72825880694	388.7922981508552
91474.1029481424	374.5457600349266
90309.54124638849	357.8423570207152
89367.19715257591	346.0414570926501
89112.23049064059	343.378069768532
88485.50258993181	336.9482992070713
88118.32432580715	332.83555133074645
88160.73513588657	333.0897775591459
87410.90689727533	325.94838341488
86023.19661825575	316.3034271242118
84368.11835172874	304.83445979825996
83413.51651252	296.61196820089395
80935.22845735631	280.88887107605314
78286.6375476447	269.3393396658045
74509.97467548552	259.31288024327154
72178.51925718239	250.06524848348124
69439.13193100257	244.56495529615418
66699.92718122934	241.84269948114266
63260.740029344815	237.43140831676038
59633.26180925611	233.67665610287537
56396.529748753215	231.6588529144061
53776.08924982842	231.03119901002384
50399.75399799737	228.9636439756804
47064.98045856744	226.9060118376695
43720.481558297775	224.78833746094847
42572.389990562035	224.48431531851648
40497.270684359915	223.40433722186532
38798.33087209243	222.6080111318809
37191.064716828645	221.89718529598343
35805.91613423354	221.37991998782496
34477.520127734075	220.8667974584854
33112.61869731221	220.3429144355872
31714.65594546014	219.7045570623704
30245.096218715535	219.05112313973638
28702.14639345378	218.30705157799585
27117.53533166889	217.491698198229
25547.602912247952	216.72272419992285
24114.504168555144	216.01587397020253
22798.540349982813	215.3850530428599
21693.931725276583	214.9240440584854
20573.70955550211	214.43430229835334
19361.327165149094	213.86726661313185
18121.793798989947	213.21065774616216
16924.69967989424	212.57532313488784
15768.778065082604	211.92161460857858
14680.088384842767	211.1838876585864
13715.754094060947	210.5190268387806
12892.189422452833	209.8707858274986
12149.179441968923	209.26391604500444
11493.714005690174	208.6814992320829
10855.187710061959	208.15609796681483
10294.04015882934	207.69413134534628
9734.041027681486	207.1291853091536
9135.993550840589	206.62230186749858
8436.059893907754	206.06329019642627
7673.147327061128	205.3258421739321
6821.752346025394	204.5436268086796
5937.481108962874	203.77918844835327
5023.509235057559	202.98133382989948
4222.00394036311	202.32285376374563
3435.184504437617	201.76426605265007
2765.3820416846684	201.26575722668275
2085.884145749576	200.69066066141465
1449.004927738286	200.21239945278217
901.833038964008	199.6568169047091
490.54481267734946	198.9999297899772
188.34569852908845	198.32392352534626
55.68156043931349	197.7376200020591
5.408264092801485	197.21308438350434
10.318808637620691	196.7690666105129
43.20619322182972	196.4243166239162
76.86341699348631	196.19758436454563
