98454.56485815646	622.1941996527622
98707.13498273998	620.1203229004664
98984.27452935006	612.0771916996349
99275.18852352482	599.3481757880539
99569.08199080237	583.2166449035085
99855.15995672111	564.9659687837849
100132.95151260914	546.2432854292549
100374.24218047666	529.6614847915002
100566.31766229526	513.324842796982
100730.19147476119	500.4535149056495
100893.95328241332	486.0821838970946
100759.16467160532	471.771150351376
100698.04615516083	459.3974329109019
100163.0671956472	445.40742156811257
99682.81184195793	431.1566301162827
99067.8909167243	417.2455024917955
98461.1185446756	405.9722288017683
98103.99151490291	400.9639951560613
97727.98409057954	395.3917995132875
97643.26031374502	394.40100896151205
97484.49008264084	391.64733332144596
97027.85538337546	385.9849776249929
96430.76137940279	380.93336006022605
95384.90085898024	370.08811283785997
96100.74784977754	365.0908820893166
94369.46471146103	349.85796150576164
90795.2388894306	330.01211051840727
83961.98468206752	306.55736158433194
79800.3785156431	286.83867047538473
75325.67618799469	270.53620165516725
70787.07632233259	255.3389874608393
66483.17657515564	243.4365066191999
62797.78128508002	236.13746021878814
60328.46381433404	234.4779094897595
59427.28157426882	238.48007392164004
56083.479234158985	235.39460979084745
51953.97118308354	231.29678955663607
46878.510967411115	226.09313901247907
45614.234303104975	226.60339609421965
43146.35269014631	225.13364651618545
41090.34630984134	224.13043479823673
39217.09754057168	223.22415445177987
37575.805272987964	222.49372792299198
36107.27943751264	221.8063700716944
34637.41615992548	221.15341728233153
33118.5680017053	220.3771357126734
31536.637908349552	219.55134225954984
29858.215442001176	218.59238340488787
28170.722862623737	217.67608342503547
26515.86920065775	216.77139165743645
24983.761663873178	216.00373955060658
23551.0062108644	215.29208028049004
22328.78310824958	214.78263421807358
21136.262249024985	214.24912944997723
19843.06990976082	213.69316455672936
18507.217849101005	213.03466536125148
17223.196440978925	212.36888117789485
15997.715438539517	211.61808041185756
14868.03545143067	210.9763918915701
13850.633521998023	210.24824571376897
12998.149484737458	209.62032881374566
12231.633341310542	209.07214893449157
11566.527174786757	208.55862497418076
10910.171670993595	207.98644721483348
10333.471537555333	207.5838890952997
9763.241910115477	207.10144784792595
9159.595255786195	206.54400295698576
8462.380773939864	205.90669147428954
7693.771150739894	205.17790335249464
6830.499945370563	204.40501964258792
5933.611649516397	203.62139031700903
5009.140929729017	202.78659172273558
4203.592771634938	201.95914569177208
3408.2753980758157	201.26984385905257
2738.633658327665	200.82643373235481
2060.6737682300777	200.3019842046547
1431.504404838511	199.86804153338045
890.2169405954936	199.3738404116244
483.21546138606976	198.85044662069203
187.87403524927458	198.43920572118154
57.33025138591863	197.94241960418032
8.040962484499481	197.47771625224556
13.074167031226658	197.07001390534575
45.497863512301336	196.74423080344982
78.3800504139247	196.52528518652667
