96016.7513802449 232.52079522279934
96211.24867994546 231.16370709194683
96376.21843924125 227.7123722822659
96500.21755916292 222.60085017961856
96571.80294074124 216.2632001698672
96579.53148500716 209.13348163887443
96445.05155278435 201.5427447695123
96485.55647602778 195.88298517864757
96131.20766168751 188.86829478771253
95788.8389323773 182.19317323513917
95244.56022108046 175.28711488747572
94595.10664777624 168.3250172850818
93720.05997375447 160.48914681257654
93185.58903003148 155.03317863902413
92070.15917199137 146.98247781235824
91351.19550607885 141.4132965866617
90633.07750620626 136.82703088350934
90317.00808217458 135.0692529793432
89848.98639646082 132.5211497399344
89573.47565553032 130.84901968256955
89271.31443070575 129.49628530722637
88525.58170476952 126.1512999573466
87332.45381505287 121.94074252248885
86067.3925504188 117.75566213026255
85218.234199631 112.32577195663609
83286.08895469592 107.2686075957414
80444.39859402114 101.44562432019472
76347.19943649808 96.37520144541398
73558.86637916727 92.31794984013038
70184.62989664511 89.21940232722481
66630.02455533789 86.86149632238524
62746.80947381162 84.51468156817647
59005.17189736322 82.77611800659362
55849.21966532252 81.85928600050343
53630.61253713504 81.8709672442116
50260.01441035522 80.84241160155055
47094.87136913578 79.93859824850729
43872.501809347836 79.03156962568937
42598.091601608554 78.79368262006538
40574.74933522772 78.2899051346508
38861.74267986502 77.93665844350491
37242.19557251677 77.60258050274936
35828.907586330504 77.35013599551957
34465.72477953544 77.09271659208596
33084.34507999824 76.8463405362159
31680.634882669474 76.53976177820725
30202.25688166209 76.21379597763745
28653.0407002785 75.8265539479449
27115.013354310664 75.47066072908598
25578.917155716623 75.0832063583863
24144.701980872833 74.76674291934756
22817.381736965122 74.43917748086383
21702.767576804254 74.21609061154795
20566.918328367326 73.9760333596332
19363.72978552273 73.71436816587511
18114.339289588464 73.40649104531417
16918.244283916792 73.10643128745723
15764.132181415607 72.75974681793419
14691.21928306689 72.39569810355964
13715.629843137633 72.01629806337019
12887.460896695025 71.70701299734733
12140.35054567138 71.41171944453347
11490.043214676965 71.1571894315761
10829.908540290939 70.87274803031808
10267.324408363243 70.63775319866083
9700.707160996853 70.38447452987405
9108.000982617976 70.14703271739766
8406.100120281457 69.81578180812915
7645.164743024332 69.45389785139328
6800.433905862726 69.04519568450092
5919.139746002137 68.67809519643343
5010.31789741321 68.3764642633295
4214.6323894093675 68.09338529178252
3427.1820304313974 67.84533153165006
2758.7648379454195 67.6527345619827
2078.8312937618616 67.45123191543664
1444.5876627303028 67.24416503607898
895.1941470104858 67.00144099893461
487.84712160466296 66.7304197428611
187.73373112686582 66.42160957891763
56.0014466459009 66.18801598862993
6.714684871496512 65.97534088109857
12.91758003431731 65.78317089841276
47.65426636501591 65.61109268266185
83.96887809424757 65.45869287593526
