93382.63203102567	595.9006813840793
94043.97557944179	591.451174733549
94831.67414883258	580.1072853012101
95714.88429435124	563.4862082158742
96662.762571151	543.2051386063521
97644.46553438532	520.8812716014554
98720.32462541765	499.06619734036383
99750.64146879513	478.9938505146159
100518.35919732969	461.4117391317954
101024.91078510114	447.36865517927987
101492.83752676111	432.4435240525724
101471.65980752447	420.96873788855726
101261.4820965141	409.1026568407388
100645.16970993356	402.07215702165763
100129.18876718776	391.65062236989576
99695.38911702952	383.9709003534835
99090.74801085112	375.829840973637
98587.84069559205	370.3104202177493
98012.2861291442	363.49632112919255
97634.8802612254	358.88124742390505
96959.86569399489	351.31391594948
96110.08928260743	343.04010135713736
95157.77717656763	334.20058480493446
94183.53635628991	326.2765080015293
94836.39956772151	320.3842502613737
93268.71173868507	310.90264641431264
89751.27639194549	296.8410256289882
83479.86043336894	281.5949355013581
79087.46307795761	268.59930921977883
74412.59677829148	257.8036225851829
69677.28418008296	246.65398113189426
65356.32483172887	238.4598304389805
61738.7460191947	232.98567002624742
59325.17752520323	231.58036615255284
58599.31645029251	233.8803528522558
55468.76257821699	231.82052332015786
51721.57758498793	229.2208172690215
47184.25737323437	226.08870996542592
45526.64959754811	225.33487012000637
43049.23635093848	223.98848492789094
40999.20280537248	222.98175495969167
39104.94183650911	222.1586892950879
37459.25859876521	221.4279163234446
35922.152641012515	220.78676810545508
34424.09699432749	220.07612171631172
32876.19592465752	219.30662128236068
31302.48641428133	218.48831493122432
29659.12349642829	217.65292536469167
28001.146174845817	216.76294723230828
26333.074841737674	215.93770799938866
24810.03838207032	215.18213781029192
23397.305005345614	214.5840372455716
22207.74292459873	214.07093028875926
21005.33682493186	213.58569915192942
19727.426456515615	212.923532300187
18409.17887600085	212.21220812188278
17151.327380924893	211.46908739305997
15944.25281801883	210.67450700648072
14821.2643178535	209.8091764862418
13794.68503239966	208.92044313644573
12937.529697064858	208.20901630059493
12173.543050170652	207.64588928115435
11508.91867179087	207.16512252633498
10851.387960211134	206.69243325187114
10285.523625165793	206.2334581300588
9709.822815402393	205.77481743784435
9106.763075153971	205.30030136740146
8398.427550130325	204.70432196225576
7629.041783579693	204.0000623139457
6773.375017363076	203.16950379160892
5882.244810083621	202.5934431052744
4970.2512346671165	201.9385667885378
4168.277769451757	201.38261252786762
3383.481006112769	200.87029072560657
2720.5317614726837	200.49919051403896
2047.7385330500733	200.07648032713334
1421.0296723543304	199.7195301709912
882.8504793278294	199.285937296504
482.3884302105177	198.8169784060786
187.97655592687113	198.32889247250634
59.69755653381181	197.94221489375872
11.302920235549685	197.58332189847027
15.402257264977237	197.24896486969118
44.605177854970535	196.9358951904721
71.52129223841008	196.6408642438638
