95281.65300131695	256.04613893904423809523
95342.05052433957	254.71292486202680952380
95449.39612650813	252.04604706708847619047
95583.85524153644	248.26331992346176190476
95725.59330313827	243.58255780037928571428
95854.77574502763	238.22157506707404761904
96039.36315919743	232.26291876298741428571
96118.78671891971	227.57739253555733333333
96050.92361273411	221.84749296845217142857
95734.8497710611	215.31879112504554761904
95101.35106986311	206.34812050029254285714
94256.76162223124	198.18877228888171428571
93541.71911926061	190.27564651418604761904
92714.01608804063	183.52185581905157142857
92079.1226819641	177.06190511393071428571
91634.12071407016	172.98610371021219047619
90939.6986063933	168.23917700465111904761
90441.21352731997	166.60660402663292380952
90046.41589469281	164.52171407122171428571
89635.79441317689	162.24077635326185714285
89232.45610103387	159.12473783194603333333
88227.95856322355	155.31997555826787142857
86963.04648322509	150.44447563898714285714
85123.3618994079	144.74362467418523809523
84218.55442172379	139.89927891418223809523
82073.49614384753	134.43944009855347619047
78766.19237494459	127.06638357940215714285
74598.30863664884	121.70474799468323809523
72027.95307704888	118.15437384037828571428
69064.34421317812	115.72465645124892380952
66081.09871481765	114.51505911657991904761
62479.026779532796	112.44341329566011428571
59092.86105342579	111.10568362001722857142
55900.60124437288	110.03159990776285714285
53696.67362813254	109.83265926375503809523
50371.78712467253	108.84348738774211428571
47158.04122868507	107.90149655164860952380
43972.85953516942	107.05122652832377142857
42666.16587061406	106.79390135413871428571
40630.65430555415	106.33655527128083809523
38881.97756235107	105.97178136401770000000
37266.47745447142	105.67206098764225238095
35856.94670895206	105.40570607205414285714
34531.88587424964	105.16411668866713333333
33166.398624030255	104.89697808045684761904
31744.896286653533	104.60305467990923809523
30285.941997923324	104.24206591978416666666
28772.66965123146	103.88861743861719047619
27196.32396881717	103.51027263451388095238
25629.231575400892	103.14119027766702380952
24175.048806446026	102.78947870011496190476
22861.82583515902	102.48983968693923809523
21737.242919036053	102.24661801809695238095
20607.700190971675	102.01461870948705714285
19394.03055208689	101.75860187035582380952
18147.51275176436	101.46412018208853333333
16960.440555811765	101.15525436655591904761
15803.300437478078	100.82715950675276190476
14715.88898403382	100.47120477523612857142
13726.815482837308	100.12543565763889523809
12895.190794268197	99.83522078170372857142
12161.854389097118	99.53187501778246666666
11507.300790067407	99.26887009611156190476
10859.997846949673	99.00101608487831428571
10298.280685125428	98.79396810909117142857
9725.192701487524	98.53183808476363333333
9126.555640745319	98.27300177351562857142
8424.983262956142	97.93639007701951428571
7664.104276228216	97.63364065397219047619
6810.923814500463	97.27593860697473809523
5924.886064002285	96.91538512199676190476
5015.899335369744	96.55120093023296666666
4224.8559119056545	96.26504577850322857142
3435.4124752256876	95.98438169055044761904
2762.8225523576657	95.77417602475325714285
2080.456499631548	95.49293731614706666666
1445.4155063448366	95.25488554745647619047
899.241210333746	94.96761485129709523809
489.7060317685913	94.73344683447686666666
189.7932805140152	94.41122230619404761904
56.52527968611132	94.15625661198060476190
5.105672028542063	93.94126103536834761904
8.567913794285342	93.77829690498023809523
39.945461236309484	93.67942554943950952380
72.27177060757883	93.65670829736938095238
