98367.43270863737	584.6228289024478
98370.34647287427	582.6899768913523
98728.60730997399	572.8722575196875
99356.82520546709	556.9716941054277
100169.61014488424	536.7903099665466
101081.57211375624	514.1301284210185
101986.92742247584	491.8232297032814
102862.45788799068	471.44290737371455
103562.36922300946	454.60888812810646
103779.22789568754	438.2200964763583
103843.91911673706	422.54598511422154
103521.70693107584	410.4860830455386
102786.00949129931	395.4720390696956
101921.94569083348	385.1179442832155
101189.78549159956	373.37804070294936
100798.5643044857	366.5602873900803
100212.47583984806	359.4611549047967
99811.06339374215	355.95019612780374
99411.24798867888	351.7725087555349
98949.77309552486	346.361951267219
98485.11979735593	341.66177651222483
97815.5697628191	335.0594677200472
96688.87150449428	325.52094970485473
94998.24996483409	314.42448733706914
95179.27743848889	306.64113776341526
93256.11281909379	297.3763140302509
89329.39400644947	283.6086213109268
82808.53115773709	269.8351492407695
78408.01706349428	258.8793492882132
73780.81153828964	250.28931943916703
69331.51964045988	243.4758811922556
65383.72435333446	238.99959294483142
61892.45284778652	235.42521351223235
59145.961851427855	232.56387945271027
58410.852235625265	234.1277166963642
55232.561642502136	231.8992205479201
51467.028438380556	229.11585955776854
46936.54173577138	225.85379639505294
45380.931216301375	224.99290287931873
42915.94319238057	223.6682331209096
40871.99928057951	222.7092263825588
39038.76670632329	221.88955347029773
37374.06691694851	221.17621371786183
35844.29726081692	220.507190975321
34337.43694104273	219.791260833701
32802.249393563085	218.9858045603735
31207.989576516848	218.11029643143996
29543.905658982272	217.25482321645737
27876.785939556732	216.41067150318233
26232.703507710965	215.58479414824063
24741.11589520838	214.84272147616602
23352.12492667503	214.2331138344061
22162.02535809363	213.7295693652453
20971.897002898088	213.19292212345624
19673.92374917491	212.5460366135553
18355.181655790668	211.78910872089213
17094.94501956677	211.02298352259376
15886.925746276656	210.20715757421968
14777.390711597944	209.35675196620096
13771.285262742655	208.62416626862523
12929.04188535324	207.99645555937116
12157.849303746782	207.4217200977686
11492.894399520435	206.95288779822897
10818.767907171774	206.42446994881172
10239.273596412286	205.92254036018699
9668.93017731421	205.41970177511126
9075.524104989232	204.89944610288515
8371.285618964132	204.35937674366596
7613.55073442021	203.67905536257624
6762.558138812175	203.07186686395153
5874.188993778239	202.43242902903316
4963.508723522555	201.7168372542488
4166.778028619087	201.1798377302802
3378.2029391617366	200.67783635524526
2714.714219838848	200.32981437064737
2043.401765220641	199.98403651363105
1420.576577006817	199.67357638954596
881.0934768747336	199.33673183374174
480.5443498890505	198.9030638180949
188.54586748220785	198.48128980226159
59.899642854970296	198.01030253585074
11.065536562674172	197.56916784231052
15.003968410817858	197.18915948078077
44.675358204890884	196.90155121040198
73.040125750381	196.73761679031455
