88148.2734251325	529.5796241255651
87514.97519428872	528.02635277676
88423.21710627634	518.1037071616532
90482.99516336313	501.85726470927364
93304.30536781688	481.33260284865014
96497.14372190574	458.5752990088116
99301.1183814009	437.39654953860185
101893.2680627412	418.29777520552483
103719.02737992174	401.5307655096274
104578.13676405828	389.82176610041034
104932.62278626539	378.0126907574772
104238.8960534697	370.021700737349
103848.64299774302	360.3395353448102
103049.56176765227	352.9258203393129
102381.6437154942	343.2983247521995
101885.45380619437	336.02816336683435
101661.86722024772	331.9726059103502
101702.59134631637	330.12447025701294
100165.49512600318	321.13963512381565
99146.49992320157	314.94790667495204
98100.3668523847	308.59645523443726
96949.33181750626	301.72477255346786
96035.79543545347	295.6286425621995
94389.5119849634	287.8846230018555
94683.45032666693	282.59144414170595
92881.30889501642	277.2673331605967
89538.92176027462	271.9792614173936
83416.37845950352	263.2686239010416
77492.49354239106	252.13333549126298
72356.19713132495	245.84975667497122
67379.73707496359	240.0201462426189
63074.59071304182	235.66551388794912
59814.51657913364	233.02669197063176
57263.78956544829	230.85376923633103
56802.15829732039	231.37734702667305
53921.8402128234	229.33942884243444
50493.3511749307	226.84016903710034
46410.0666368876	223.8948355551831
44616.0751896675	223.07334236661086
42238.89687701544	221.9134887817138
40206.42171809161	221.0333061928463
38374.156526290884	220.28528232783466
36817.898183168596	219.74025802526276
35291.817107534014	219.16155485245002
33835.60023513188	218.49688960731407
32351.191764315146	217.79288156738397
30758.611316453396	216.98716980832808
29118.767698838747	216.15636673039097
27461.363097021047	215.26285843822703
25861.533054417265	214.38035982435366
24384.865444434065	213.46796500627673
23012.783367461885	212.70271319945857
21865.562865170472	212.0875136316963
20690.94278400864	211.42109571984315
19458.19466250063	210.67290589573867
18159.997478937195	209.89734540422546
16900.31111843795	209.0727604569197
15691.319096197458	208.30187614641852
14574.116650132717	207.5107282121334
13583.516803870161	206.7960841814846
12749.785730731237	206.1742648243342
12003.70748243471	205.6547099256707
11347.810496527558	205.19699778463144
10703.956654529027	204.72685660653508
10133.21173153011	204.29483152299005
9575.377149621912	203.8191912080697
8984.965567298794	203.35469079445468
8281.012050087087	202.93647605945856
7516.170148643978	202.52776002083382
6675.277993116731	201.9366290843925
5804.8917485832735	201.3844461222538
4913.633834742269	200.79129890323867
4129.441754618045	200.234308865152
3353.478033437249	199.7526215616458
2698.3695127985684	199.46151468420408
2030.2767092622753	199.15174061090957
1411.7030755366218	199.04446905075423
877.9857829811773	198.91248569261896
477.9836880004677	198.80102759389328
187.6593242919769	198.45707569979848
62.245005113965135	198.16772366876646
15.993492182063473	197.84067799349842
21.44526297704008	197.47097876836824
51.140794979654736	197.0536660877506
77.62056567066634	196.58378004601985
