98367.43270863737	278.39182328687990476190
98370.34647287427	277.47141756731061904761
98728.60730997399	272.79631310461309523809
99356.82520546709	265.22461624067985714285
100169.61014488424	255.61443331740314285714
101081.57211375624	244.82387067667547619047
101986.92742247584	234.20153795394352380952
102862.45788799068	224.49662255891169047619
103562.36922300946	216.48042291814593333333
103779.22789568754	208.67623641731347619047
103843.91911673706	201.21237386391501904761
103521.70693107584	195.46956335501838095238
102786.00949129931	188.32001860461695238095
101921.94569083348	183.38949727772166666666
101189.78549159956	177.79906700140445714285
100798.5643044857	174.55251780480014285714
100212.47583984806	171.17197852609366666666
99811.06339374215	169.50009339419225714285
99411.24798867888	167.51071845501661904761
98949.77309552486	164.93426250819952380952
98485.11979735593	162.69608405344039523809
97815.5697628191	159.55212748573676190476
96688.87150449428	155.00997604993082380952
94998.24996483409	149.72594635098530476190
95179.27743848889	146.01958941115012380952
93256.11281909379	141.60776858583376190476
89329.39400644947	135.05172443377466666666
82808.53115773709	128.49292820989023809523
78408.01706349428	123.27588061343485714285
73780.81153828964	119.18539020912715714285
69331.51964045988	115.94089580583600000000
65383.72435333446	113.80932997372924761904
61892.45284778652	112.10724452963445238095
59145.961851427855	110.74470450129060476190
58410.852235625265	111.48938890303057142857
55232.561642502136	110.42820026091433333333
51467.028438380556	109.10279026560406666666
46936.54173577138	107.54942685478711428571
45380.931216301375	107.13947756158034761904
42915.94319238057	106.50868243852838095238
40871.99928057951	106.05201256312323809523
39038.76670632329	105.66169212871320476190
37374.06691694851	105.32200653231515714285
35844.29726081692	105.00342427396238095238
34337.43694104273	104.66250515890523809523
32802.249393563085	104.27895455255880952380
31207.989576516848	103.86204591973331428571
29543.905658982272	103.45467772212255714285
27876.785939556732	103.05270071580110952380
26232.703507710965	102.65942578487649047619
24741.11589520838	102.30605784579334285714
23352.12492667503	102.01576849257433333333
22162.02535809363	101.77598541202157142857
20971.897002898088	101.52043910640773333333
19673.92374917491	101.21239838740728571428
18355.181655790668	100.85195653375815714285
17094.94501956677	100.48713501075893333333
15886.925746276656	100.09864646391413333333
14777.390711597944	99.69369141247664761904
13771.285262742655	99.34484108029772857142
12929.04188535324	99.04593121874817142857
12157.849303746782	98.77224766560409523809
11492.894399520435	98.54899418963284285714
10818.767907171774	98.29736664229129523809
10239.273596412286	98.05835255246999523809
9668.93017731421	97.81890560719583809523
9075.524104989232	97.57116481089769047619
8371.285618964132	97.31398892555521904761
7613.55073442021	96.99002636313154285714
6762.558138812175	96.70088898283406190476
5874.188993778239	96.39639477573007619047
4963.508723522555	96.05563678773752380952
4166.778028619087	95.79992272870485714285
3378.2029391617366	95.56087445487869523809
2714.714219838848	95.39514970030827142857
2043.401765220641	95.23049357791954761904
1420.576577006817	95.08265542359331428571
881.0934768747336	94.92225325416273333333
480.5443498890505	94.71574467528328571428
188.54586748220785	94.51489990583885238095
59.899642854970296	94.29062025516701904761
11.065536562674172	94.08055611538596190476
15.003968410817858	93.89959975275274761904
44.675358204890884	93.76264343352475238095
73.040125750381	93.68457942395930952380
