3.5906677290836657	335.85690145333336
3.557882493527186	334.37774722
3.2248605577689244	335.8485630566667
4.435595219123505	336.06715162
6.617120541940626	334.0444852166667
4.790654980079682	336.2848782466667
3.4436820083682007	336.1936732533333
3.3089912350597617	332.70166629
7.5320820880653505	336.60013294333334
5.742954581673307	335.42556639000003
3.845099601593626	335.68592290333333
3.4182629482071714	333.1843919166667
4.188086055776893	336.02891028666664
4.242014342629481	336.09323093333336
6.739871738697471	334.45907544000005
7.8358748754732	336.01707382
5.282116334661355	336.2764652033333
3.4562167330677296	335.17606795
4.357125099601594	337.08896191
3.639864514843594	335.08615523000003
5.955034867503486	335.73940166666665
7.614737848605579	335.33401473000004
3.3693277545327756	336.78330122
3.5002135458167336	335.08982046666665
5.003399880454274	335.19802905666666
6.6790629482071715	335.21358727666666
3.700217573221757	335.25733633
4.079834262948208	336.5240782266667
3.7068866308029484	335.4889306766667
4.169547102170883	333.70563833
3.477533067729084	333.93132291666666
9.337305439330544	336.35673770333335
4.656086072922893	336.01795524
3.132544331540147	332.7008177866667
7.178517928286853	336.32970608
3.5031203187250997	336.0309183333333
7.176756821350328	335.3652144633333
3.4645911173073096	335.69086802
5.84133519219279	335.12430380333336
4.779482765491133	336.06611372666663
5.660009561752989	335.8949933966667
6.463859760956176	334.7560729833333
42.751859705061776	337.25772782333337
